1,1,278.10,257.98,46.00,101.00,1,-1,-1,-1
2,1,278.20,257.39,46.00,101.00,1,-1,-1,-1
3,1,278.38,257.25,46.00,101.00,1,-1,-1,-1
4,1,278.09,255.85,46.92,103.02,1,-1,-1,-1
5,1,278.39,255.16,46.92,103.02,1,-1,-1,-1
6,1,278.19,253.98,47.86,105.08,1,-1,-1,-1
7,1,278.12,254.02,47.86,105.08,1,-1,-1,-1
8,1,277.63,252.64,48.82,107.18,1,-1,-1,-1
9,1,278.14,253.03,47.86,105.08,1,-1,-1,-1
10,1,277.73,251.89,48.82,107.18,1,-1,-1,-1
11,1,277.95,251.33,48.82,107.18,1,-1,-1,-1
12,1,277.67,249.86,49.79,109.33,1,-1,-1,-1
13,1,278.39,249.91,48.82,107.18,1,-1,-1,-1
14,1,278.11,248.34,49.79,109.33,1,-1,-1,-1
15,1,277.65,247.46,49.79,109.33,1,-1,-1,-1
16,1,278.43,248.04,48.82,107.18,1,-1,-1,-1
17,1,278.15,246.98,49.79,109.33,1,-1,-1,-1
18,1,276.94,245.51,50.79,111.51,1,-1,-1,-1
19,1,277.61,245.60,49.79,109.33,1,-1,-1,-1
20,1,277.72,245.02,49.79,109.33,1,-1,-1,-1
21,1,277.29,243.87,50.79,111.51,1,-1,-1,-1
22,1,277.96,244.28,49.79,109.33,1,-1,-1,-1
23,1,277.51,243.00,50.79,111.51,1,-1,-1,-1
24,1,277.57,242.22,50.79,111.51,1,-1,-1,-1
25,1,277.63,242.01,50.79,111.51,1,-1,-1,-1
26,1,276.37,240.20,51.80,113.74,1,-1,-1,-1
27,1,276.70,240.73,50.79,111.51,1,-1,-1,-1
28,1,276.06,239.51,51.80,113.74,1,-1,-1,-1
29,1,276.60,239.12,51.80,113.74,1,-1,-1,-1
30,1,276.64,239.08,51.80,113.74,1,-1,-1,-1
31,1,276.48,238.69,51.80,113.74,1,-1,-1,-1
32,1,276.38,237.88,51.80,113.74,1,-1,-1,-1
33,1,276.16,237.65,51.80,113.74,1,-1,-1,-1
34,1,275.74,236.95,51.80,113.74,1,-1,-1,-1
35,1,275.52,235.49,52.84,116.02,1,-1,-1,-1
36,1,276.29,235.76,51.80,113.74,1,-1,-1,-1
37,1,275.00,234.17,52.84,116.02,1,-1,-1,-1
38,1,274.80,233.13,52.84,116.02,1,-1,-1,-1
39,1,274.78,232.45,52.84,116.02,1,-1,-1,-1
40,1,274.39,232.13,52.84,116.02,1,-1,-1,-1
41,1,275.26,232.42,51.80,113.74,1,-1,-1,-1
42,1,274.21,231.10,52.84,116.02,1,-1,-1,-1
43,1,274.77,231.62,51.80,113.74,1,-1,-1,-1
44,1,274.60,231.53,51.80,113.74,1,-1,-1,-1
45,1,273.85,230.06,52.84,116.02,1,-1,-1,-1
46,1,274.01,230.66,51.80,113.74,1,-1,-1,-1
47,1,274.16,230.61,51.80,113.74,1,-1,-1,-1
48,1,273.39,230.07,51.80,113.74,1,-1,-1,-1
49,1,273.17,230.05,51.80,113.74,1,-1,-1,-1
50,1,272.30,228.58,52.84,116.02,1,-1,-1,-1
51,1,272.89,229.03,51.80,113.74,1,-1,-1,-1
52,1,272.93,228.91,51.80,113.74,1,-1,-1,-1
53,1,272.05,227.47,52.84,116.02,1,-1,-1,-1
54,1,272.22,228.02,51.80,113.74,1,-1,-1,-1
55,1,271.09,227.06,52.84,116.02,1,-1,-1,-1
56,1,270.78,226.20,52.84,116.02,1,-1,-1,-1
57,1,270.80,227.04,51.80,113.74,1,-1,-1,-1
58,1,270.34,226.13,52.84,116.02,1,-1,-1,-1
59,1,269.98,225.26,52.84,116.02,1,-1,-1,-1
60,1,269.55,225.09,52.84,116.02,1,-1,-1,-1
61,1,270.14,226.03,51.80,113.74,1,-1,-1,-1
62,1,268.60,225.29,52.84,116.02,1,-1,-1,-1
63,1,268.48,225.97,51.80,113.74,1,-1,-1,-1
64,1,268.74,226.00,51.80,113.74,1,-1,-1,-1
65,1,268.54,225.85,51.80,113.74,1,-1,-1,-1
66,1,268.06,225.56,51.80,113.74,1,-1,-1,-1
67,1,267.65,224.08,52.84,116.02,1,-1,-1,-1
68,1,267.51,225.95,50.79,111.51,1,-1,-1,-1
69,1,267.43,225.04,51.80,113.74,1,-1,-1,-1
70,1,265.89,224.19,52.84,116.02,1,-1,-1,-1
71,1,266.07,224.78,51.80,113.74,1,-1,-1,-1
72,1,266.64,224.91,51.80,113.74,1,-1,-1,-1
73,1,265.97,225.08,51.80,113.74,1,-1,-1,-1
74,1,265.49,224.12,52.84,116.02,1,-1,-1,-1
75,1,265.73,224.68,51.80,113.74,1,-1,-1,-1
76,1,265.22,224.89,51.80,113.74,1,-1,-1,-1
77,1,264.43,225.05,51.80,113.74,1,-1,-1,-1
78,1,263.89,224.09,52.84,116.02,1,-1,-1,-1
79,1,264.16,224.62,51.80,113.74,1,-1,-1,-1
80,1,263.69,224.84,51.80,113.74,1,-1,-1,-1
81,1,263.76,225.05,51.80,113.74,1,-1,-1,-1
82,1,263.21,224.05,52.84,116.02,1,-1,-1,-1
83,1,263.37,224.66,51.80,113.74,1,-1,-1,-1
84,1,262.81,224.72,51.80,113.74,1,-1,-1,-1
85,1,263.06,224.75,51.80,113.74,1,-1,-1,-1
86,1,263.12,224.65,51.80,113.74,1,-1,-1,-1
87,1,262.09,224.48,51.80,113.74,1,-1,-1,-1
88,1,262.40,224.31,51.80,113.74,1,-1,-1,-1
89,1,262.39,225.01,50.79,111.51,1,-1,-1,-1
90,1,262.78,225.17,50.79,111.51,1,-1,-1,-1
91,1,261.96,225.13,50.79,111.51,1,-1,-1,-1
92,1,262.22,224.99,50.79,111.51,1,-1,-1,-1
93,1,262.51,224.90,50.79,111.51,1,-1,-1,-1
94,1,262.62,224.87,50.79,111.51,1,-1,-1,-1
95,1,261.81,224.78,50.79,111.51,1,-1,-1,-1
96,1,261.89,224.70,50.79,111.51,1,-1,-1,-1
97,1,262.06,224.72,50.79,111.51,1,-1,-1,-1
98,1,262.05,224.91,50.79,111.51,1,-1,-1,-1
99,1,262.56,226.17,49.79,109.33,1,-1,-1,-1
100,1,261.70,225.32,50.79,111.51,1,-1,-1,-1
101,1,261.69,226.14,49.79,109.33,1,-1,-1,-1
102,1,262.11,226.77,49.79,109.33,1,-1,-1,-1
103,1,261.66,226.83,49.79,109.33,1,-1,-1,-1
104,1,262.04,227.25,49.79,109.33,1,-1,-1,-1
105,1,262.60,227.81,49.79,109.33,1,-1,-1,-1
106,1,262.49,227.55,49.79,109.33,1,-1,-1,-1
107,1,262.52,227.33,49.79,109.33,1,-1,-1,-1
108,1,262.98,228.09,49.79,109.33,1,-1,-1,-1
109,1,263.36,228.01,49.79,109.33,1,-1,-1,-1
110,1,263.19,227.82,49.79,109.33,1,-1,-1,-1
111,1,263.30,227.67,49.79,109.33,1,-1,-1,-1
112,1,263.99,228.50,48.82,107.18,1,-1,-1,-1
113,1,264.30,228.26,48.82,107.18,1,-1,-1,-1
114,1,264.61,227.86,49.79,109.33,1,-1,-1,-1
115,1,264.74,227.74,49.79,109.33,1,-1,-1,-1
116,1,264.89,227.61,49.79,109.33,1,-1,-1,-1
117,1,265.57,228.53,48.82,107.18,1,-1,-1,-1
118,1,266.14,229.42,47.86,105.08,1,-1,-1,-1
119,1,265.28,229.03,48.82,107.18,1,-1,-1,-1
120,1,265.56,229.03,48.82,107.18,1,-1,-1,-1
121,1,265.99,229.12,48.82,107.18,1,-1,-1,-1
122,1,265.58,229.37,48.82,107.18,1,-1,-1,-1
123,1,265.71,228.71,49.79,109.33,1,-1,-1,-1
124,1,266.21,229.67,48.82,107.18,1,-1,-1,-1
125,1,266.44,229.64,48.82,107.18,1,-1,-1,-1
126,1,266.52,229.63,48.82,107.18,1,-1,-1,-1
127,1,266.81,229.73,48.82,107.18,1,-1,-1,-1
128,1,266.82,231.09,47.86,105.08,1,-1,-1,-1
129,1,266.67,230.44,48.82,107.18,1,-1,-1,-1
130,1,266.90,231.45,47.86,105.08,1,-1,-1,-1
131,1,267.08,231.54,48.82,107.18,1,-1,-1,-1
132,1,267.51,232.37,47.86,105.08,1,-1,-1,-1
133,1,267.03,232.35,48.82,107.18,1,-1,-1,-1
134,1,267.14,232.78,48.82,107.18,1,-1,-1,-1
135,1,267.09,232.55,48.82,107.18,1,-1,-1,-1
136,1,267.15,232.66,48.82,107.18,1,-1,-1,-1
137,1,267.30,232.76,48.82,107.18,1,-1,-1,-1
138,1,267.93,234.33,47.86,105.08,1,-1,-1,-1
139,1,267.62,233.85,48.82,107.18,1,-1,-1,-1
140,1,267.21,233.79,48.82,107.18,1,-1,-1,-1
141,1,267.42,233.84,48.82,107.18,1,-1,-1,-1
142,1,267.68,233.99,48.82,107.18,1,-1,-1,-1
143,1,267.79,235.19,47.86,105.08,1,-1,-1,-1
144,1,267.95,235.27,47.86,105.08,1,-1,-1,-1
145,1,268.19,235.44,47.86,105.08,1,-1,-1,-1
146,1,267.46,234.54,48.82,107.18,1,-1,-1,-1
147,1,268.50,234.81,47.86,105.08,1,-1,-1,-1
148,1,268.61,234.87,47.86,105.08,1,-1,-1,-1
149,1,268.72,234.78,47.86,105.08,1,-1,-1,-1
150,1,269.00,234.64,47.86,105.08,1,-1,-1,-1
151,1,269.39,234.46,47.86,105.08,1,-1,-1,-1
152,1,269.49,235.27,46.92,103.02,1,-1,-1,-1
153,1,269.06,234.49,47.86,105.08,1,-1,-1,-1
154,1,270.07,235.23,46.92,103.02,1,-1,-1,-1
155,1,269.62,235.31,46.92,103.02,1,-1,-1,-1
156,1,269.20,235.21,46.92,103.02,1,-1,-1,-1
157,1,269.00,233.90,47.86,105.08,1,-1,-1,-1
158,1,269.96,233.69,47.86,105.08,1,-1,-1,-1
159,1,270.21,233.46,47.86,105.08,1,-1,-1,-1
160,1,269.54,232.92,48.82,107.18,1,-1,-1,-1
161,1,270.16,232.49,48.82,107.18,1,-1,-1,-1
162,1,270.61,232.98,47.86,105.08,1,-1,-1,-1
163,1,270.72,233.13,47.86,105.08,1,-1,-1,-1
164,1,270.88,233.10,47.86,105.08,1,-1,-1,-1
165,1,271.01,232.94,47.86,105.08,1,-1,-1,-1
166,1,271.22,232.74,47.86,105.08,1,-1,-1,-1
167,1,271.23,233.39,46.92,103.02,1,-1,-1,-1
168,1,271.19,233.31,46.92,103.02,1,-1,-1,-1
169,1,271.17,233.15,46.92,103.02,1,-1,-1,-1
170,1,270.61,231.77,47.86,105.08,1,-1,-1,-1
171,1,271.20,231.64,47.86,105.08,1,-1,-1,-1
172,1,271.70,232.39,46.92,103.02,1,-1,-1,-1
173,1,271.37,232.38,46.92,103.02,1,-1,-1,-1
174,1,271.68,232.12,46.92,103.02,1,-1,-1,-1
175,1,270.90,230.69,47.86,105.08,1,-1,-1,-1
176,1,271.99,230.59,47.86,105.08,1,-1,-1,-1
177,1,272.89,231.28,46.92,103.02,1,-1,-1,-1
178,1,272.33,231.19,46.92,103.02,1,-1,-1,-1
179,1,272.45,231.03,46.92,103.02,1,-1,-1,-1
180,1,272.66,230.78,46.92,103.02,1,-1,-1,-1
181,1,272.69,231.42,46.00,101.00,1,-1,-1,-1
182,1,272.48,230.59,46.92,103.02,1,-1,-1,-1
183,1,273.30,231.07,46.00,101.00,1,-1,-1,-1
184,1,272.98,231.20,46.00,101.00,1,-1,-1,-1
185,1,273.26,231.25,46.00,101.00,1,-1,-1,-1
186,1,272.95,231.25,46.00,101.00,1,-1,-1,-1
187,1,273.32,231.19,46.00,101.00,1,-1,-1,-1
188,1,273.14,231.18,46.00,101.00,1,-1,-1,-1
189,1,272.96,231.22,46.00,101.00,1,-1,-1,-1
190,1,273.35,231.16,46.00,101.00,1,-1,-1,-1
191,1,273.22,231.15,46.00,101.00,1,-1,-1,-1
192,1,273.07,231.11,46.00,101.00,1,-1,-1,-1
193,1,272.92,231.05,46.00,101.00,1,-1,-1,-1
194,1,273.41,230.94,46.00,101.00,1,-1,-1,-1
195,1,273.22,230.85,46.00,101.00,1,-1,-1,-1
196,1,273.04,230.71,46.00,101.00,1,-1,-1,-1
197,1,272.78,230.53,46.00,101.00,1,-1,-1,-1
198,1,273.72,231.38,45.10,99.02,1,-1,-1,-1
199,1,273.36,231.30,46.00,101.00,1,-1,-1,-1
200,1,273.11,231.04,46.00,101.00,1,-1,-1,-1
201,1,272.87,230.79,46.00,101.00,1,-1,-1,-1
202,1,273.37,230.54,46.00,101.00,1,-1,-1,-1
203,1,273.44,231.19,45.10,99.02,1,-1,-1,-1
204,1,273.84,230.95,46.00,101.00,1,-1,-1,-1
205,1,273.49,230.57,46.00,101.00,1,-1,-1,-1
206,1,273.62,231.15,45.10,99.02,1,-1,-1,-1
207,1,273.28,230.77,46.00,101.00,1,-1,-1,-1
208,1,273.38,231.24,45.10,99.02,1,-1,-1,-1
209,1,273.81,230.90,46.00,101.00,1,-1,-1,-1
210,1,273.91,231.35,45.10,99.02,1,-1,-1,-1
211,1,273.62,230.83,46.00,101.00,1,-1,-1,-1
212,1,273.63,231.02,45.10,99.02,1,-1,-1,-1
213,1,273.66,231.33,45.10,99.02,1,-1,-1,-1
214,1,272.73,229.61,46.92,103.02,1,-1,-1,-1
215,1,273.33,230.26,45.10,99.02,1,-1,-1,-1
216,1,273.68,230.07,46.00,101.00,1,-1,-1,-1
217,1,273.61,230.48,45.10,99.02,1,-1,-1,-1
218,1,273.16,229.90,46.00,101.00,1,-1,-1,-1
219,1,272.55,228.99,46.00,101.00,1,-1,-1,-1
220,1,273.02,228.96,46.00,101.00,1,-1,-1,-1
221,1,272.54,228.76,46.00,101.00,1,-1,-1,-1
222,1,272.96,228.54,46.00,101.00,1,-1,-1,-1
223,1,273.31,228.18,46.00,101.00,1,-1,-1,-1
224,1,272.94,228.39,46.00,101.00,1,-1,-1,-1
225,1,273.57,228.38,46.00,101.00,1,-1,-1,-1
226,1,273.17,228.16,46.00,101.00,1,-1,-1,-1
227,1,272.38,226.77,46.92,103.02,1,-1,-1,-1
228,1,273.49,227.19,46.00,101.00,1,-1,-1,-1
229,1,273.16,227.24,46.00,101.00,1,-1,-1,-1
230,1,272.79,227.19,46.00,101.00,1,-1,-1,-1
231,1,273.43,227.00,46.00,101.00,1,-1,-1,-1
232,1,273.14,226.51,46.00,101.00,1,-1,-1,-1
233,1,272.84,225.82,46.00,101.00,1,-1,-1,-1
234,1,273.65,225.89,46.00,101.00,1,-1,-1,-1
235,1,273.62,225.76,46.00,101.00,1,-1,-1,-1
236,1,273.46,225.34,46.00,101.00,1,-1,-1,-1
237,1,273.01,224.61,46.92,103.02,1,-1,-1,-1
238,1,273.51,224.71,46.00,101.00,1,-1,-1,-1
239,1,273.94,225.42,45.10,99.02,1,-1,-1,-1
240,1,274.02,225.06,46.00,101.00,1,-1,-1,-1
241,1,273.19,224.29,46.00,101.00,1,-1,-1,-1
242,1,273.06,224.05,46.00,101.00,1,-1,-1,-1
243,1,272.96,223.51,46.00,101.00,1,-1,-1,-1
244,1,273.66,222.77,46.00,101.00,1,-1,-1,-1
245,1,273.59,222.58,46.00,101.00,1,-1,-1,-1
246,1,273.48,222.23,46.00,101.00,1,-1,-1,-1
247,1,273.60,222.47,46.00,101.00,1,-1,-1,-1
248,1,273.73,222.38,46.00,101.00,1,-1,-1,-1
249,1,273.63,222.12,46.00,101.00,1,-1,-1,-1
250,1,273.50,221.65,46.00,101.00,1,-1,-1,-1
251,1,273.39,220.87,46.00,101.00,1,-1,-1,-1
252,1,273.50,220.75,46.00,101.00,1,-1,-1,-1
253,1,274.08,221.47,45.10,99.02,1,-1,-1,-1
254,1,274.51,221.04,46.00,101.00,1,-1,-1,-1
255,1,274.01,220.11,46.00,101.00,1,-1,-1,-1
256,1,273.70,219.78,46.00,101.00,1,-1,-1,-1
257,1,274.61,220.32,45.10,99.02,1,-1,-1,-1
258,1,274.37,219.88,46.00,101.00,1,-1,-1,-1
259,1,274.19,218.90,46.00,101.00,1,-1,-1,-1
260,1,274.34,218.68,46.00,101.00,1,-1,-1,-1
261,1,274.96,219.34,45.10,99.02,1,-1,-1,-1
262,1,275.34,219.04,46.00,101.00,1,-1,-1,-1
263,1,274.95,218.46,46.00,101.00,1,-1,-1,-1
264,1,275.59,218.72,46.00,101.00,1,-1,-1,-1
265,1,275.51,217.86,46.00,101.00,1,-1,-1,-1
266,1,275.63,217.85,46.00,101.00,1,-1,-1,-1
267,1,275.86,217.69,46.00,101.00,1,-1,-1,-1
268,1,276.01,217.51,46.00,101.00,1,-1,-1,-1
269,1,275.47,217.25,46.00,101.00,1,-1,-1,-1
270,1,275.98,217.71,46.00,101.00,1,-1,-1,-1
271,1,276.52,217.27,46.00,101.00,1,-1,-1,-1
272,1,276.49,217.46,46.00,101.00,1,-1,-1,-1
273,1,276.99,218.56,45.10,99.02,1,-1,-1,-1
274,1,276.80,217.06,46.00,101.00,1,-1,-1,-1
275,1,276.87,216.95,46.00,101.00,1,-1,-1,-1
276,1,277.00,216.77,46.00,101.00,1,-1,-1,-1
277,1,277.10,216.43,46.00,101.00,1,-1,-1,-1
278,1,276.55,216.81,46.00,101.00,1,-1,-1,-1
279,1,276.79,216.25,46.00,101.00,1,-1,-1,-1
280,1,277.18,216.32,46.00,101.00,1,-1,-1,-1
281,1,276.90,216.27,46.00,101.00,1,-1,-1,-1
282,1,277.41,216.12,46.00,101.00,1,-1,-1,-1
283,1,277.23,215.86,46.00,101.00,1,-1,-1,-1
284,1,277.59,216.49,45.10,99.02,1,-1,-1,-1
285,1,277.83,217.04,45.10,99.02,1,-1,-1,-1
286,1,278.03,216.81,45.10,99.02,1,-1,-1,-1
287,1,278.24,216.45,45.10,99.02,1,-1,-1,-1
288,1,278.40,216.74,45.10,99.02,1,-1,-1,-1
289,1,278.40,216.12,45.10,99.02,1,-1,-1,-1
290,1,278.55,216.15,45.10,99.02,1,-1,-1,-1
291,1,277.97,216.21,45.10,99.02,1,-1,-1,-1
292,1,278.10,216.08,45.10,99.02,1,-1,-1,-1
293,1,278.16,215.78,45.10,99.02,1,-1,-1,-1
294,1,278.17,215.39,45.10,99.02,1,-1,-1,-1
295,1,278.26,215.62,45.10,99.02,1,-1,-1,-1
296,1,278.32,214.93,45.10,99.02,1,-1,-1,-1
297,1,278.30,214.91,45.10,99.02,1,-1,-1,-1
298,1,278.28,214.81,45.10,99.02,1,-1,-1,-1
299,1,278.29,214.45,45.10,99.02,1,-1,-1,-1
300,1,278.27,214.54,45.10,99.02,1,-1,-1,-1
301,1,278.26,213.76,45.10,99.02,1,-1,-1,-1
302,1,278.20,213.52,45.10,99.02,1,-1,-1,-1
303,1,278.10,213.05,45.10,99.02,1,-1,-1,-1
304,1,278.01,212.96,45.10,99.02,1,-1,-1,-1
305,1,277.82,212.75,45.10,99.02,1,-1,-1,-1
306,1,277.51,212.34,45.10,99.02,1,-1,-1,-1
307,1,277.06,212.42,45.10,99.02,1,-1,-1,-1
308,1,277.21,212.30,45.10,99.02,1,-1,-1,-1
309,1,277.29,212.04,45.10,99.02,1,-1,-1,-1
310,1,277.32,211.68,45.10,99.02,1,-1,-1,-1
311,1,277.35,211.26,45.10,99.02,1,-1,-1,-1
312,1,277.42,211.38,45.10,99.02,1,-1,-1,-1
313,1,277.42,211.44,45.10,99.02,1,-1,-1,-1
314,1,277.44,211.35,45.10,99.02,1,-1,-1,-1
315,1,277.60,211.19,45.10,99.02,1,-1,-1,-1
316,1,276.88,210.99,45.10,99.02,1,-1,-1,-1
317,1,276.92,210.65,45.10,99.02,1,-1,-1,-1
318,1,277.02,210.27,45.10,99.02,1,-1,-1,-1
319,1,277.07,210.48,45.10,99.02,1,-1,-1,-1
320,1,276.65,209.53,46.00,101.00,1,-1,-1,-1
321,1,277.33,210.07,44.21,97.08,1,-1,-1,-1
322,1,277.45,210.36,44.21,97.08,1,-1,-1,-1
323,1,277.09,209.57,45.10,99.02,1,-1,-1,-1
324,1,277.67,209.77,44.21,97.08,1,-1,-1,-1
325,1,277.69,209.52,44.21,97.08,1,-1,-1,-1
326,1,277.61,209.10,44.21,97.08,1,-1,-1,-1
327,1,277.49,209.30,44.21,97.08,1,-1,-1,-1
328,1,277.26,209.20,44.21,97.08,1,-1,-1,-1
329,1,276.95,208.94,44.21,97.08,1,-1,-1,-1
330,1,276.49,208.47,44.21,97.08,1,-1,-1,-1
331,1,277.19,208.82,43.35,95.17,1,-1,-1,-1
332,1,276.91,208.54,43.35,95.17,1,-1,-1,-1
333,1,276.49,208.17,43.35,95.17,1,-1,-1,-1
334,1,276.17,208.38,43.35,95.17,1,-1,-1,-1
335,1,276.59,208.47,43.35,95.17,1,-1,-1,-1
336,1,276.14,207.70,43.35,95.17,1,-1,-1,-1
337,1,276.56,207.51,43.35,95.17,1,-1,-1,-1
338,1,276.63,208.16,42.50,93.31,1,-1,-1,-1
339,1,276.99,207.83,43.35,95.17,1,-1,-1,-1
340,1,276.60,207.42,43.35,95.17,1,-1,-1,-1
341,1,276.18,206.90,43.35,95.17,1,-1,-1,-1
342,1,276.64,207.02,43.35,95.17,1,-1,-1,-1
343,1,276.30,207.00,43.35,95.17,1,-1,-1,-1
344,1,276.81,206.92,43.35,95.17,1,-1,-1,-1
345,1,276.48,206.82,43.35,95.17,1,-1,-1,-1
346,1,276.18,206.68,43.35,95.17,1,-1,-1,-1
347,1,277.17,207.30,42.50,93.31,1,-1,-1,-1
348,1,277.22,207.97,42.50,93.31,1,-1,-1,-1
349,1,277.25,207.91,42.50,93.31,1,-1,-1,-1
350,1,277.22,207.82,42.50,93.31,1,-1,-1,-1
351,1,277.17,207.68,42.50,93.31,1,-1,-1,-1
352,1,277.06,207.46,42.50,93.31,1,-1,-1,-1
353,1,276.95,207.28,42.50,93.31,1,-1,-1,-1
354,1,276.88,207.70,42.50,93.31,1,-1,-1,-1
355,1,276.68,207.40,42.50,93.31,1,-1,-1,-1
356,1,277.28,206.99,42.50,93.31,1,-1,-1,-1
357,1,277.12,207.30,42.50,93.31,1,-1,-1,-1
358,1,276.92,207.54,42.50,93.31,1,-1,-1,-1
359,1,276.63,207.04,42.50,93.31,1,-1,-1,-1
360,1,277.08,207.09,42.50,93.31,1,-1,-1,-1
361,1,276.73,207.14,42.50,93.31,1,-1,-1,-1
362,1,277.11,207.15,42.50,93.31,1,-1,-1,-1
363,1,276.74,207.07,42.50,93.31,1,-1,-1,-1
364,1,277.15,207.03,42.50,93.31,1,-1,-1,-1
365,1,276.79,206.93,42.50,93.31,1,-1,-1,-1
366,1,276.42,206.88,42.50,93.31,1,-1,-1,-1
367,1,276.80,206.78,42.50,93.31,1,-1,-1,-1
368,1,276.42,206.70,42.50,93.31,1,-1,-1,-1
369,1,276.78,206.63,42.50,93.31,1,-1,-1,-1
370,1,276.33,206.58,42.50,93.31,1,-1,-1,-1
371,1,276.64,206.48,42.50,93.31,1,-1,-1,-1
372,1,276.93,206.34,42.50,93.31,1,-1,-1,-1
373,1,276.50,206.91,42.50,93.31,1,-1,-1,-1
374,1,277.08,207.66,41.66,91.48,1,-1,-1,-1
375,1,276.76,206.96,41.66,91.48,1,-1,-1,-1
376,1,276.54,207.07,41.66,91.48,1,-1,-1,-1
377,1,276.27,207.17,41.66,91.48,1,-1,-1,-1
378,1,275.53,206.31,42.50,93.31,1,-1,-1,-1
379,1,276.87,207.65,41.66,91.48,1,-1,-1,-1
380,1,276.45,206.89,41.66,91.48,1,-1,-1,-1
381,1,276.14,206.89,41.66,91.48,1,-1,-1,-1
382,1,276.45,206.74,41.66,91.48,1,-1,-1,-1
383,1,276.06,206.65,41.66,91.48,1,-1,-1,-1
384,1,276.36,206.54,41.66,91.48,1,-1,-1,-1
385,1,275.90,206.45,41.66,91.48,1,-1,-1,-1
386,1,276.20,206.34,41.66,91.48,1,-1,-1,-1
387,1,275.79,206.21,41.66,91.48,1,-1,-1,-1
388,1,276.13,206.71,41.66,91.48,1,-1,-1,-1
389,1,276.43,206.52,41.66,91.48,1,-1,-1,-1
390,1,275.97,206.33,41.66,91.48,1,-1,-1,-1
391,1,276.23,206.03,41.66,91.48,1,-1,-1,-1
392,1,275.93,206.49,41.66,91.48,1,-1,-1,-1
393,1,276.29,206.18,41.66,91.48,1,-1,-1,-1
394,1,276.01,206.59,41.66,91.48,1,-1,-1,-1
395,1,276.41,206.25,41.66,91.48,1,-1,-1,-1
396,1,276.17,206.60,41.66,91.48,1,-1,-1,-1
397,1,275.91,206.29,41.66,91.48,1,-1,-1,-1
398,1,276.40,205.87,41.66,91.48,1,-1,-1,-1
399,1,276.34,206.16,41.66,91.48,1,-1,-1,-1
400,1,276.20,206.39,41.66,91.48,1,-1,-1,-1
401,1,276.02,205.85,41.66,91.48,1,-1,-1,-1
402,1,276.73,206.01,41.66,91.48,1,-1,-1,-1
403,1,276.73,206.05,41.66,91.48,1,-1,-1,-1
404,1,276.78,206.09,41.66,91.48,1,-1,-1,-1
405,1,276.89,206.07,41.66,91.48,1,-1,-1,-1
406,1,277.07,206.04,41.66,91.48,1,-1,-1,-1
407,1,277.26,205.92,41.66,91.48,1,-1,-1,-1
408,1,276.77,205.84,41.66,91.48,1,-1,-1,-1
409,1,277.09,205.57,41.66,91.48,1,-1,-1,-1
410,1,277.57,205.33,41.66,91.48,1,-1,-1,-1
411,1,277.40,204.99,41.66,91.48,1,-1,-1,-1
412,1,277.35,205.23,41.66,91.48,1,-1,-1,-1
413,1,277.38,205.46,41.66,91.48,1,-1,-1,-1
414,1,277.53,204.73,41.66,91.48,1,-1,-1,-1
415,1,277.86,204.62,41.66,91.48,1,-1,-1,-1
416,1,278.25,204.40,41.66,91.48,1,-1,-1,-1
417,1,278.05,204.18,41.66,91.48,1,-1,-1,-1
418,1,278.59,204.40,41.66,91.48,1,-1,-1,-1
419,1,278.56,204.01,41.66,91.48,1,-1,-1,-1
420,1,278.65,204.21,41.66,91.48,1,-1,-1,-1
421,1,278.78,204.34,41.66,91.48,1,-1,-1,-1
422,1,278.90,203.80,41.66,91.48,1,-1,-1,-1
423,1,279.12,203.79,41.66,91.48,1,-1,-1,-1
424,1,279.49,203.67,41.66,91.48,1,-1,-1,-1
425,1,279.19,203.56,41.66,91.48,1,-1,-1,-1
426,1,278.97,203.41,41.66,91.48,1,-1,-1,-1
427,1,279.50,202.97,41.66,91.48,1,-1,-1,-1
428,1,279.43,203.35,41.66,91.48,1,-1,-1,-1
429,1,279.43,202.90,41.66,91.48,1,-1,-1,-1
430,1,279.47,203.08,41.66,91.48,1,-1,-1,-1
431,1,279.60,203.20,41.66,91.48,1,-1,-1,-1
432,1,279.73,203.18,41.66,91.48,1,-1,-1,-1
433,1,279.92,203.15,41.66,91.48,1,-1,-1,-1
434,1,280.16,203.09,41.66,91.48,1,-1,-1,-1
435,1,280.43,202.95,41.66,91.48,1,-1,-1,-1
436,1,280.01,202.78,41.66,91.48,1,-1,-1,-1
437,1,280.38,202.53,41.66,91.48,1,-1,-1,-1
438,1,280.03,202.27,41.66,91.48,1,-1,-1,-1
439,1,280.49,201.80,41.66,91.48,1,-1,-1,-1
440,1,280.19,202.01,41.66,91.48,1,-1,-1,-1
441,1,280.03,202.13,41.66,91.48,1,-1,-1,-1
442,1,280.61,202.09,41.66,91.48,1,-1,-1,-1
443,1,280.48,202.12,41.66,91.48,1,-1,-1,-1
444,1,280.45,202.06,41.66,91.48,1,-1,-1,-1
445,1,280.49,201.97,41.66,91.48,1,-1,-1,-1
446,1,280.55,201.83,41.66,91.48,1,-1,-1,-1
447,1,280.65,201.65,41.66,91.48,1,-1,-1,-1
448,1,280.82,201.30,41.66,91.48,1,-1,-1,-1
449,1,281.01,200.90,41.66,91.48,1,-1,-1,-1
450,1,281.17,201.16,41.66,91.48,1,-1,-1,-1
451,1,280.99,202.30,40.85,89.68,1,-1,-1,-1
452,1,281.10,201.01,41.66,91.48,1,-1,-1,-1
453,1,281.30,201.10,41.66,91.48,1,-1,-1,-1
454,1,280.84,201.13,41.66,91.48,1,-1,-1,-1
455,1,281.68,201.87,40.85,89.68,1,-1,-1,-1
456,1,281.70,201.94,40.85,89.68,1,-1,-1,-1
457,1,281.84,201.88,40.85,89.68,1,-1,-1,-1
458,1,281.96,201.71,40.85,89.68,1,-1,-1,-1
459,1,282.10,201.42,40.85,89.68,1,-1,-1,-1
460,1,282.23,201.07,40.85,89.68,1,-1,-1,-1
461,1,282.36,201.41,40.85,89.68,1,-1,-1,-1
462,1,282.49,200.93,40.85,89.68,1,-1,-1,-1
463,1,282.57,201.09,40.85,89.68,1,-1,-1,-1
464,1,283.39,202.94,39.26,86.20,1,-1,-1,-1
465,1,281.74,200.18,40.85,89.68,1,-1,-1,-1
466,1,281.79,200.14,40.85,89.68,1,-1,-1,-1
467,1,281.91,200.77,40.85,89.68,1,-1,-1,-1
468,1,282.03,200.54,40.85,89.68,1,-1,-1,-1
469,1,282.04,200.24,40.85,89.68,1,-1,-1,-1
470,1,282.09,199.85,40.85,89.68,1,-1,-1,-1
471,1,282.17,200.15,40.85,89.68,1,-1,-1,-1
472,1,282.29,200.36,40.85,89.68,1,-1,-1,-1
473,1,282.38,199.75,40.85,89.68,1,-1,-1,-1
474,1,282.40,199.79,40.85,89.68,1,-1,-1,-1
475,1,282.37,199.68,40.85,89.68,1,-1,-1,-1
476,1,282.30,199.47,40.85,89.68,1,-1,-1,-1
477,1,282.28,199.07,40.85,89.68,1,-1,-1,-1
478,1,282.33,199.28,40.85,89.68,1,-1,-1,-1
479,1,282.32,198.61,40.85,89.68,1,-1,-1,-1
480,1,282.44,198.60,40.85,89.68,1,-1,-1,-1
481,1,282.59,198.50,40.85,89.68,1,-1,-1,-1
482,1,282.07,198.60,40.85,89.68,1,-1,-1,-1
483,1,282.08,198.43,40.85,89.68,1,-1,-1,-1
484,1,282.08,198.17,40.85,89.68,1,-1,-1,-1
485,1,282.11,197.78,40.85,89.68,1,-1,-1,-1
486,1,282.19,198.12,40.85,89.68,1,-1,-1,-1
487,1,282.31,198.24,40.85,89.68,1,-1,-1,-1
488,1,282.38,197.44,40.85,89.68,1,-1,-1,-1
489,1,282.51,197.33,40.85,89.68,1,-1,-1,-1
490,1,282.67,197.20,40.85,89.68,1,-1,-1,-1
491,1,282.16,197.10,40.85,89.68,1,-1,-1,-1
492,1,282.49,197.54,40.85,89.68,1,-1,-1,-1
493,1,282.74,197.09,40.85,89.68,1,-1,-1,-1
494,1,282.35,197.43,40.85,89.68,1,-1,-1,-1
495,1,282.66,196.70,40.85,89.68,1,-1,-1,-1
496,1,282.26,196.87,40.85,89.68,1,-1,-1,-1
497,1,282.68,196.74,40.85,89.68,1,-1,-1,-1
498,1,282.24,196.62,40.85,89.68,1,-1,-1,-1
499,1,282.56,196.18,40.85,89.68,1,-1,-1,-1
500,1,283.00,195.59,40.85,89.68,1,-1,-1,-1
501,1,283.12,196.70,40.05,87.93,1,-1,-1,-1
502,1,282.35,196.23,40.05,87.93,1,-1,-1,-1
503,1,283.15,197.20,38.49,84.51,1,-1,-1,-1
504,1,283.57,197.27,38.49,84.51,1,-1,-1,-1
505,1,283.54,196.35,39.26,86.20,1,-1,-1,-1
506,1,283.25,196.34,39.26,86.20,1,-1,-1,-1
507,1,283.36,195.28,40.05,87.93,1,-1,-1,-1
508,1,283.62,196.52,38.49,84.51,1,-1,-1,-1
509,1,283.89,195.95,39.26,86.20,1,-1,-1,-1
510,1,284.25,196.36,38.49,84.51,1,-1,-1,-1
511,1,284.35,196.48,38.49,84.51,1,-1,-1,-1
512,1,284.44,196.63,38.49,84.51,1,-1,-1,-1
513,1,284.23,195.89,39.26,86.20,1,-1,-1,-1
514,1,284.01,195.13,40.05,87.93,1,-1,-1,-1
515,1,283.62,195.10,39.26,86.20,1,-1,-1,-1
516,1,283.91,195.08,39.26,86.20,1,-1,-1,-1
517,1,284.30,194.98,39.26,86.20,1,-1,-1,-1
518,1,285.07,195.61,38.49,84.51,1,-1,-1,-1
519,1,284.11,194.31,40.05,87.93,1,-1,-1,-1
520,1,284.29,195.51,38.49,84.51,1,-1,-1,-1
521,1,284.82,195.69,38.49,84.51,1,-1,-1,-1
522,1,283.91,194.21,40.05,87.93,1,-1,-1,-1
523,1,284.54,194.15,39.26,86.20,1,-1,-1,-1
524,1,284.59,194.39,39.26,86.20,1,-1,-1,-1
525,1,284.74,194.54,39.26,86.20,1,-1,-1,-1
526,1,284.85,194.64,39.26,86.20,1,-1,-1,-1
527,1,284.97,194.66,39.26,86.20,1,-1,-1,-1
528,1,285.12,194.50,39.26,86.20,1,-1,-1,-1
529,1,285.30,194.20,39.26,86.20,1,-1,-1,-1
530,1,285.54,193.90,39.26,86.20,1,-1,-1,-1
531,1,285.13,194.26,39.26,86.20,1,-1,-1,-1
532,1,285.54,193.69,39.26,86.20,1,-1,-1,-1
533,1,284.95,193.11,40.05,87.93,1,-1,-1,-1
534,1,285.89,193.65,38.49,84.51,1,-1,-1,-1
535,1,285.38,193.62,39.26,86.20,1,-1,-1,-1
536,1,285.31,193.55,39.26,86.20,1,-1,-1,-1
537,1,286.14,193.31,39.26,86.20,1,-1,-1,-1
537,2,183.00,0.86,30.60,12.24,1,-1,-1,-1
538,1,286.15,193.08,39.26,86.20,1,-1,-1,-1
538,2,184.56,3.36,30.00,12.00,1,-1,-1,-1
