1,1,387.31,131.17,15.00,38.00,1,-1,-1,-1
1,2,587.76,249.47,27.00,62.00,1,-1,-1,-1
2,1,387.36,131.83,15.00,38.00,1,-1,-1,-1
2,2,585.91,249.11,27.00,62.00,1,-1,-1,-1
3,1,387.14,132.72,15.00,38.00,1,-1,-1,-1
3,2,584.42,245.53,27.54,63.24,1,-1,-1,-1
3,3,93.15,28.11,6.00,13.00,1,-1,-1,-1
4,1,385.96,132.21,15.00,38.00,1,-1,-1,-1
4,2,579.92,241.70,28.09,64.50,1,-1,-1,-1
4,3,93.87,28.50,6.00,13.00,1,-1,-1,-1
5,1,385.38,131.22,15.00,38.00,1,-1,-1,-1
5,2,579.12,241.49,28.09,64.50,1,-1,-1,-1
5,3,94.91,29.22,6.00,13.00,1,-1,-1,-1
5,4,122.25,28.22,6.00,13.00,1,-1,-1,-1
6,1,385.60,131.08,15.00,38.00,1,-1,-1,-1
6,2,577.67,241.99,28.09,64.50,1,-1,-1,-1
6,3,95.20,29.00,6.00,13.00,1,-1,-1,-1
6,4,122.17,29.25,6.00,13.00,1,-1,-1,-1
7,1,384.32,131.04,15.00,38.00,1,-1,-1,-1
7,2,576.58,241.59,28.65,65.79,1,-1,-1,-1
7,3,94.93,28.91,6.00,13.00,1,-1,-1,-1
7,4,122.26,29.30,6.00,13.00,1,-1,-1,-1
8,1,384.81,131.12,15.00,38.00,1,-1,-1,-1
8,2,576.01,242.80,28.65,65.79,1,-1,-1,-1
8,4,122.75,29.54,6.00,13.00,1,-1,-1,-1
9,1,384.09,131.74,15.00,38.00,1,-1,-1,-1
9,2,572.87,243.15,28.09,64.50,1,-1,-1,-1
9,4,123.80,29.15,6.00,13.00,1,-1,-1,-1
10,1,383.88,133.33,15.00,38.00,1,-1,-1,-1
10,2,572.67,242.41,27.54,63.24,1,-1,-1,-1
10,4,124.07,29.77,6.00,13.00,1,-1,-1,-1
10,6,0.43,35.01,6.00,13.00,1,-1,-1,-1
10,7,27.33,31.14,7.00,13.00,1,-1,-1,-1
11,1,383.58,133.29,15.00,38.00,1,-1,-1,-1
11,2,571.85,240.65,27.54,63.24,1,-1,-1,-1
11,4,123.57,29.78,6.00,13.00,1,-1,-1,-1
11,6,1.53,35.69,6.00,13.00,1,-1,-1,-1
12,1,383.19,133.24,15.00,38.00,1,-1,-1,-1
12,2,571.50,239.86,27.54,63.24,1,-1,-1,-1
12,3,97.17,30.44,6.00,13.00,1,-1,-1,-1
12,4,124.57,29.91,6.00,13.00,1,-1,-1,-1
13,1,383.55,133.12,15.00,38.00,1,-1,-1,-1
13,2,570.69,239.21,27.00,62.00,1,-1,-1,-1
13,3,97.36,30.85,6.00,13.00,1,-1,-1,-1
13,4,124.67,30.25,6.00,13.00,1,-1,-1,-1
14,1,382.99,132.02,15.00,38.00,1,-1,-1,-1
14,2,568.61,239.71,27.00,62.00,1,-1,-1,-1
14,3,98.48,30.66,6.00,13.00,1,-1,-1,-1
14,4,125.75,31.07,6.00,13.00,1,-1,-1,-1
14,7,29.87,32.02,7.00,13.00,1,-1,-1,-1
15,1,383.37,132.03,15.00,38.00,1,-1,-1,-1
15,2,568.09,239.92,27.00,62.00,1,-1,-1,-1
15,3,99.10,30.61,6.00,13.00,1,-1,-1,-1
15,4,126.11,30.97,6.00,13.00,1,-1,-1,-1
15,6,3.42,36.93,6.00,13.00,1,-1,-1,-1
15,7,29.85,32.64,7.00,13.00,1,-1,-1,-1
16,1,383.68,132.16,15.00,38.00,1,-1,-1,-1
16,2,568.49,241.81,25.95,59.59,1,-1,-1,-1
16,3,99.15,30.68,6.00,13.00,1,-1,-1,-1
16,4,126.11,31.23,6.00,13.00,1,-1,-1,-1
16,6,4.23,36.94,6.00,13.00,1,-1,-1,-1
16,7,30.50,32.40,7.00,13.00,1,-1,-1,-1
17,1,383.08,132.60,15.00,38.00,1,-1,-1,-1
17,2,567.58,241.43,26.47,60.78,1,-1,-1,-1
17,4,126.36,31.59,6.00,13.00,1,-1,-1,-1
17,6,4.44,36.85,6.00,13.00,1,-1,-1,-1
17,7,31.48,33.38,7.00,13.00,1,-1,-1,-1
18,1,383.50,133.58,15.00,38.00,1,-1,-1,-1
18,2,566.11,240.79,27.00,62.00,1,-1,-1,-1
18,6,5.35,37.07,6.00,13.00,1,-1,-1,-1
18,7,32.10,33.58,7.00,13.00,1,-1,-1,-1
18,8,199.08,36.43,6.00,14.00,1,-1,-1,-1
19,1,383.26,133.69,15.30,38.76,1,-1,-1,-1
19,2,565.39,240.70,27.00,62.00,1,-1,-1,-1
19,6,6.16,37.50,6.00,13.00,1,-1,-1,-1
19,7,32.59,33.30,7.00,13.00,1,-1,-1,-1
20,1,384.79,133.71,15.00,38.00,1,-1,-1,-1
20,2,564.93,239.99,27.54,63.24,1,-1,-1,-1
20,4,128.69,31.93,6.00,13.00,1,-1,-1,-1
20,6,6.35,36.93,6.00,13.00,1,-1,-1,-1
20,7,32.65,34.17,7.00,13.00,1,-1,-1,-1
21,1,384.50,133.62,15.00,38.00,1,-1,-1,-1
21,2,564.41,237.07,27.54,63.24,1,-1,-1,-1
21,4,129.23,32.10,6.00,13.00,1,-1,-1,-1
21,6,7.16,37.84,6.00,13.00,1,-1,-1,-1
21,7,33.27,34.19,7.00,13.00,1,-1,-1,-1
22,1,385.30,133.18,15.00,38.00,1,-1,-1,-1
22,2,563.18,236.24,27.54,63.24,1,-1,-1,-1
22,4,129.17,32.52,6.00,13.00,1,-1,-1,-1
22,6,7.40,37.67,6.00,13.00,1,-1,-1,-1
22,7,34.39,34.34,7.00,13.00,1,-1,-1,-1
23,1,385.51,132.51,15.00,38.00,1,-1,-1,-1
23,2,563.15,235.05,28.09,64.50,1,-1,-1,-1
23,4,129.42,31.89,6.00,13.00,1,-1,-1,-1
23,6,8.37,37.57,6.00,13.00,1,-1,-1,-1
23,7,35.05,34.51,7.00,13.00,1,-1,-1,-1
24,1,385.50,132.95,14.71,37.25,1,-1,-1,-1
24,2,563.08,234.81,27.00,62.00,1,-1,-1,-1
24,4,130.46,32.79,6.00,13.00,1,-1,-1,-1
24,6,9.32,37.98,6.00,13.00,1,-1,-1,-1
24,8,203.73,38.41,6.00,14.00,1,-1,-1,-1
25,1,386.64,132.79,15.00,38.00,1,-1,-1,-1
25,2,563.85,237.04,26.47,60.78,1,-1,-1,-1
25,4,130.84,32.75,6.00,13.00,1,-1,-1,-1
25,6,10.16,38.88,6.00,13.00,1,-1,-1,-1
26,1,386.53,133.91,14.71,37.25,1,-1,-1,-1
26,2,562.67,236.55,26.47,60.78,1,-1,-1,-1
26,4,131.60,32.97,6.00,13.00,1,-1,-1,-1
26,6,10.27,39.02,6.00,13.00,1,-1,-1,-1
27,1,387.01,133.80,15.00,38.00,1,-1,-1,-1
27,2,562.92,237.15,26.47,60.78,1,-1,-1,-1
27,6,10.75,38.98,6.00,13.00,1,-1,-1,-1
27,7,36.99,35.48,7.00,13.00,1,-1,-1,-1
27,8,204.73,39.03,6.00,14.00,1,-1,-1,-1
28,1,387.01,134.00,15.00,38.00,1,-1,-1,-1
28,2,562.11,235.62,26.47,60.78,1,-1,-1,-1
28,6,11.51,39.56,6.00,13.00,1,-1,-1,-1
29,1,386.65,133.57,15.00,38.00,1,-1,-1,-1
29,2,561.95,232.66,26.47,60.78,1,-1,-1,-1
29,6,10.75,39.61,6.00,13.00,1,-1,-1,-1
30,1,385.99,132.83,15.00,38.00,1,-1,-1,-1
30,2,561.38,231.71,25.95,59.59,1,-1,-1,-1
30,6,10.47,40.04,6.00,13.00,1,-1,-1,-1
30,7,36.45,35.81,7.00,13.00,1,-1,-1,-1
31,1,385.73,132.56,15.00,38.00,1,-1,-1,-1
31,2,561.29,231.96,25.44,58.42,1,-1,-1,-1
31,6,9.43,40.37,6.00,13.00,1,-1,-1,-1
32,1,385.01,132.27,15.00,38.00,1,-1,-1,-1
32,2,559.68,230.71,25.44,58.42,1,-1,-1,-1
32,6,8.57,41.08,6.00,13.00,1,-1,-1,-1
33,1,384.83,131.96,15.00,38.00,1,-1,-1,-1
33,2,559.45,231.69,24.94,57.28,1,-1,-1,-1
33,6,7.45,40.99,6.00,13.00,1,-1,-1,-1
34,1,383.21,133.68,15.00,38.00,1,-1,-1,-1
34,2,556.32,230.94,24.94,57.28,1,-1,-1,-1
34,6,4.58,41.34,6.00,13.00,1,-1,-1,-1
35,1,382.85,133.80,15.00,38.00,1,-1,-1,-1
35,2,554.18,231.00,25.44,58.42,1,-1,-1,-1
35,6,3.05,42.08,6.00,13.00,1,-1,-1,-1
35,8,125.75,35.33,5.00,13.00,1,-1,-1,-1
36,1,381.41,133.83,15.00,38.00,1,-1,-1,-1
36,2,553.71,231.28,24.45,56.16,1,-1,-1,-1
36,6,0.86,42.64,6.00,13.00,1,-1,-1,-1
37,1,381.15,133.68,15.00,38.00,1,-1,-1,-1
37,2,552.61,231.37,23.51,53.97,1,-1,-1,-1
38,1,379.80,133.36,15.00,38.00,1,-1,-1,-1
38,2,550.35,232.48,23.04,52.92,1,-1,-1,-1
39,1,377.07,131.78,15.00,38.00,1,-1,-1,-1
39,2,547.45,229.22,23.04,52.92,1,-1,-1,-1
39,8,117.23,36.88,5.00,13.00,1,-1,-1,-1
40,1,375.70,132.42,15.00,38.00,1,-1,-1,-1
40,2,545.04,227.85,23.04,52.92,1,-1,-1,-1
41,1,373.23,131.94,15.00,38.00,1,-1,-1,-1
41,2,542.79,226.18,22.59,51.88,1,-1,-1,-1
42,1,371.56,132.99,15.00,38.00,1,-1,-1,-1
42,2,539.48,224.38,22.59,51.88,1,-1,-1,-1
43,1,368.83,133.14,15.00,38.00,1,-1,-1,-1
43,2,537.16,225.10,22.15,50.86,1,-1,-1,-1
44,1,364.32,132.98,15.00,38.00,1,-1,-1,-1
44,2,531.17,225.19,22.15,50.86,1,-1,-1,-1
45,1,361.83,133.87,15.00,38.00,1,-1,-1,-1
45,2,527.80,223.46,22.59,51.88,1,-1,-1,-1
46,1,358.46,133.90,15.00,38.00,1,-1,-1,-1
46,2,524.82,221.20,22.59,51.88,1,-1,-1,-1
47,1,356.28,133.38,15.00,38.00,1,-1,-1,-1
47,2,521.45,219.95,22.59,51.88,1,-1,-1,-1
48,1,353.45,132.63,15.00,38.00,1,-1,-1,-1
48,2,518.70,218.98,23.04,52.92,1,-1,-1,-1
49,1,348.60,132.98,15.00,38.00,1,-1,-1,-1
49,2,514.08,215.03,22.59,51.88,1,-1,-1,-1
50,1,344.89,134.31,15.00,38.00,1,-1,-1,-1
50,2,510.36,213.94,23.04,52.92,1,-1,-1,-1
51,1,342.83,134.01,15.00,38.00,1,-1,-1,-1
51,2,509.31,213.75,22.59,51.88,1,-1,-1,-1
52,1,340.61,134.06,15.00,38.00,1,-1,-1,-1
52,2,506.05,214.30,22.15,50.86,1,-1,-1,-1
52,3,59.03,45.87,6.00,12.00,1,-1,-1,-1
53,1,338.32,134.08,15.00,38.00,1,-1,-1,-1
53,2,503.36,215.05,22.15,50.86,1,-1,-1,-1
53,3,55.07,46.64,6.00,12.00,1,-1,-1,-1
54,1,334.81,133.91,15.00,38.00,1,-1,-1,-1
54,2,498.90,214.80,21.72,49.86,1,-1,-1,-1
54,3,47.74,47.69,6.00,12.00,1,-1,-1,-1
54,4,25.21,45.72,6.00,14.00,1,-1,-1,-1
55,1,332.61,134.23,15.00,38.00,1,-1,-1,-1
55,2,496.91,215.16,21.29,48.89,1,-1,-1,-1
55,3,44.58,48.19,6.00,12.00,1,-1,-1,-1
55,4,21.66,46.62,6.00,14.00,1,-1,-1,-1
56,1,330.47,133.41,15.00,38.00,1,-1,-1,-1
56,2,494.70,214.74,21.29,48.89,1,-1,-1,-1
56,3,40.85,48.12,6.00,12.00,1,-1,-1,-1
56,4,18.81,47.18,6.00,14.00,1,-1,-1,-1
57,1,329.77,133.75,15.00,38.00,1,-1,-1,-1
57,2,493.70,213.01,20.87,47.93,1,-1,-1,-1
57,3,37.91,48.52,6.00,12.00,1,-1,-1,-1
58,1,327.75,134.40,15.00,38.00,1,-1,-1,-1
58,2,492.82,213.13,20.46,46.99,1,-1,-1,-1
58,3,34.96,49.63,6.00,12.00,1,-1,-1,-1
59,1,325.54,135.54,15.00,38.00,1,-1,-1,-1
59,2,490.61,211.39,20.46,46.99,1,-1,-1,-1
59,4,7.58,48.71,6.00,14.00,1,-1,-1,-1
60,1,324.88,135.78,15.00,38.00,1,-1,-1,-1
60,2,490.71,211.40,20.46,46.99,1,-1,-1,-1
60,3,27.23,50.97,6.00,12.00,1,-1,-1,-1
60,4,5.83,49.63,6.00,14.00,1,-1,-1,-1
61,1,324.75,136.01,15.00,38.00,1,-1,-1,-1
61,2,490.98,212.27,20.06,46.07,1,-1,-1,-1
61,3,25.97,51.85,6.00,12.00,1,-1,-1,-1
62,1,324.41,135.44,15.00,38.00,1,-1,-1,-1
62,2,488.97,211.39,20.46,46.99,1,-1,-1,-1
62,3,25.28,51.89,6.00,12.00,1,-1,-1,-1
63,1,324.80,135.58,15.00,38.00,1,-1,-1,-1
63,2,489.98,213.18,20.06,46.07,1,-1,-1,-1
63,3,23.72,51.95,6.00,12.00,1,-1,-1,-1
64,1,324.73,135.08,15.00,38.00,1,-1,-1,-1
64,2,490.40,210.28,20.46,46.99,1,-1,-1,-1
64,3,23.02,52.91,6.00,12.00,1,-1,-1,-1
65,1,324.91,134.74,15.00,38.00,1,-1,-1,-1
65,2,492.20,210.53,20.06,46.07,1,-1,-1,-1
65,3,22.14,53.13,6.00,12.00,1,-1,-1,-1
66,1,325.48,135.83,15.00,38.00,1,-1,-1,-1
66,2,492.10,209.64,20.06,46.07,1,-1,-1,-1
66,3,22.12,52.55,6.00,12.00,1,-1,-1,-1
67,1,326.65,135.78,15.00,38.00,1,-1,-1,-1
67,2,492.53,209.15,20.06,46.07,1,-1,-1,-1
67,3,22.14,53.29,6.00,12.00,1,-1,-1,-1
68,1,326.39,136.35,15.00,38.00,1,-1,-1,-1
68,2,493.47,208.11,20.06,46.07,1,-1,-1,-1
68,3,22.11,53.23,6.00,12.00,1,-1,-1,-1
69,1,328.30,136.35,15.00,38.00,1,-1,-1,-1
69,2,495.42,207.78,20.06,46.07,1,-1,-1,-1
69,3,22.54,53.50,6.00,12.00,1,-1,-1,-1
70,1,329.08,136.20,15.00,38.00,1,-1,-1,-1
70,2,495.20,208.93,20.46,46.99,1,-1,-1,-1
70,3,23.36,54.21,6.00,12.00,1,-1,-1,-1
71,1,329.67,135.86,15.00,38.00,1,-1,-1,-1
71,2,497.04,208.57,20.46,46.99,1,-1,-1,-1
71,3,23.48,54.22,6.00,12.00,1,-1,-1,-1
72,1,329.85,135.96,15.00,38.00,1,-1,-1,-1
72,2,497.74,209.87,20.06,46.07,1,-1,-1,-1
72,3,24.00,54.49,6.00,12.00,1,-1,-1,-1
73,1,330.92,136.03,15.00,38.00,1,-1,-1,-1
73,2,498.51,210.55,20.06,46.07,1,-1,-1,-1
73,3,24.91,54.96,6.00,12.00,1,-1,-1,-1
73,4,5.77,52.29,7.00,15.00,1,-1,-1,-1
74,1,332.67,135.45,15.00,38.00,1,-1,-1,-1
74,2,500.20,209.15,20.06,46.07,1,-1,-1,-1
74,3,25.81,55.95,6.00,12.00,1,-1,-1,-1
74,4,6.73,52.92,7.00,15.00,1,-1,-1,-1
75,1,333.23,136.12,15.00,38.00,1,-1,-1,-1
75,2,500.61,208.45,20.06,46.07,1,-1,-1,-1
75,3,26.04,56.24,6.00,12.00,1,-1,-1,-1
75,4,7.53,52.96,7.00,15.00,1,-1,-1,-1
76,1,334.54,136.24,15.00,38.00,1,-1,-1,-1
76,2,502.69,207.53,20.06,46.07,1,-1,-1,-1
76,3,25.97,55.77,6.00,12.00,1,-1,-1,-1
76,4,7.83,52.87,7.00,15.00,1,-1,-1,-1
77,1,334.66,136.71,15.00,38.00,1,-1,-1,-1
77,2,503.44,207.08,20.06,46.07,1,-1,-1,-1
77,3,27.23,56.44,6.00,12.00,1,-1,-1,-1
77,4,8.81,52.99,7.00,15.00,1,-1,-1,-1
78,1,335.63,137.04,15.00,38.00,1,-1,-1,-1
78,2,504.04,206.70,20.06,46.07,1,-1,-1,-1
78,3,27.12,56.24,6.00,12.00,1,-1,-1,-1
78,4,9.59,53.34,7.00,15.00,1,-1,-1,-1
79,1,337.16,135.98,15.00,38.00,1,-1,-1,-1
79,2,506.23,207.73,20.06,46.07,1,-1,-1,-1
79,3,28.15,56.56,6.00,12.00,1,-1,-1,-1
79,5,131.18,63.40,6.00,13.00,1,-1,-1,-1
80,1,338.54,136.62,15.00,38.00,1,-1,-1,-1
80,2,506.85,208.76,20.06,46.07,1,-1,-1,-1
81,1,338.35,136.47,15.00,38.00,1,-1,-1,-1
81,2,508.57,207.70,20.06,46.07,1,-1,-1,-1
82,1,339.57,136.05,15.00,38.00,1,-1,-1,-1
82,2,508.87,207.94,20.06,46.07,1,-1,-1,-1
83,1,339.13,136.05,15.00,38.00,1,-1,-1,-1
83,2,509.79,208.18,20.06,46.07,1,-1,-1,-1
83,3,29.54,57.44,6.00,12.00,1,-1,-1,-1
84,1,340.48,137.20,15.00,38.00,1,-1,-1,-1
84,2,510.92,205.12,20.06,46.07,1,-1,-1,-1
85,1,340.75,137.74,15.00,38.00,1,-1,-1,-1
85,2,511.12,204.24,20.06,46.07,1,-1,-1,-1
86,1,340.27,137.91,15.00,38.00,1,-1,-1,-1
86,2,510.69,203.62,20.06,46.07,1,-1,-1,-1
87,1,340.33,138.20,15.00,38.00,1,-1,-1,-1
87,2,511.05,204.04,20.06,46.07,1,-1,-1,-1
88,1,340.11,137.43,15.00,38.00,1,-1,-1,-1
88,2,510.56,203.34,20.06,46.07,1,-1,-1,-1
89,1,339.36,137.31,15.00,38.00,1,-1,-1,-1
89,2,510.10,204.09,20.06,46.07,1,-1,-1,-1
89,3,22.56,60.67,6.00,12.00,1,-1,-1,-1
90,1,339.09,137.35,15.00,38.00,1,-1,-1,-1
90,2,508.87,203.58,20.06,46.07,1,-1,-1,-1
91,1,338.40,137.85,15.00,38.00,1,-1,-1,-1
91,2,509.16,204.80,20.06,46.07,1,-1,-1,-1
92,1,337.82,138.81,15.00,38.00,1,-1,-1,-1
92,2,507.77,204.11,20.06,46.07,1,-1,-1,-1
93,1,336.55,139.45,15.00,38.00,1,-1,-1,-1
93,2,507.63,203.38,20.06,46.07,1,-1,-1,-1
94,1,334.82,139.48,15.00,38.00,1,-1,-1,-1
94,2,506.73,200.56,20.06,46.07,1,-1,-1,-1
95,1,334.41,139.30,15.00,38.00,1,-1,-1,-1
95,2,505.84,200.01,20.06,46.07,1,-1,-1,-1
96,1,333.80,138.89,15.00,38.00,1,-1,-1,-1
96,2,505.10,199.23,20.06,46.07,1,-1,-1,-1
96,4,239.63,72.16,7.00,16.00,1,-1,-1,-1
97,1,331.97,139.71,15.00,38.00,1,-1,-1,-1
97,2,502.95,199.93,20.06,46.07,1,-1,-1,-1
97,4,237.76,72.19,7.00,16.00,1,-1,-1,-1
98,1,330.98,139.46,15.00,38.00,1,-1,-1,-1
98,2,502.82,200.38,20.06,46.07,1,-1,-1,-1
99,1,328.48,139.79,15.00,38.00,1,-1,-1,-1
99,2,499.61,199.73,20.06,46.07,1,-1,-1,-1
100,1,327.34,140.65,15.00,38.00,1,-1,-1,-1
100,2,498.58,198.33,20.06,46.07,1,-1,-1,-1
100,5,110.03,76.83,5.00,12.00,1,-1,-1,-1
101,1,325.96,141.26,15.00,38.00,1,-1,-1,-1
101,2,497.37,197.60,20.06,46.07,1,-1,-1,-1
102,1,323.88,141.01,15.00,38.00,1,-1,-1,-1
102,2,495.87,198.02,20.06,46.07,1,-1,-1,-1
102,4,227.98,75.63,7.00,16.00,1,-1,-1,-1
103,1,322.45,140.57,15.00,38.00,1,-1,-1,-1
103,2,495.39,195.62,20.06,46.07,1,-1,-1,-1
103,4,226.13,76.25,7.00,16.00,1,-1,-1,-1
104,1,321.61,141.13,15.00,38.00,1,-1,-1,-1
104,2,492.99,195.82,20.06,46.07,1,-1,-1,-1
104,4,224.37,76.22,7.00,16.00,1,-1,-1,-1
105,1,317.90,140.75,15.00,38.00,1,-1,-1,-1
105,2,490.11,195.13,20.06,46.07,1,-1,-1,-1
106,1,316.67,141.25,15.00,38.00,1,-1,-1,-1
106,2,488.65,194.32,20.06,46.07,1,-1,-1,-1
107,1,315.28,141.14,15.00,38.00,1,-1,-1,-1
107,2,488.15,194.77,20.06,46.07,1,-1,-1,-1
108,1,314.70,141.38,15.00,38.00,1,-1,-1,-1
108,2,485.51,196.31,20.06,46.07,1,-1,-1,-1
109,1,312.94,142.08,15.00,38.00,1,-1,-1,-1
109,2,485.03,194.95,20.06,46.07,1,-1,-1,-1
110,1,310.75,142.77,15.00,38.00,1,-1,-1,-1
110,2,482.66,195.34,20.06,46.07,1,-1,-1,-1
111,1,309.67,143.75,15.00,38.00,1,-1,-1,-1
111,2,482.75,193.31,20.06,46.07,1,-1,-1,-1
112,1,308.26,143.95,15.00,38.00,1,-1,-1,-1
112,2,482.06,191.98,20.06,46.07,1,-1,-1,-1
113,1,307.93,143.94,15.00,38.00,1,-1,-1,-1
113,2,480.35,191.66,20.06,46.07,1,-1,-1,-1
114,1,306.69,144.02,15.00,38.00,1,-1,-1,-1
114,2,480.12,191.37,20.06,46.07,1,-1,-1,-1
115,1,305.00,143.91,15.00,38.00,1,-1,-1,-1
115,2,478.28,191.66,20.06,46.07,1,-1,-1,-1
116,1,304.63,145.06,15.00,38.00,1,-1,-1,-1
116,2,478.05,191.70,20.06,46.07,1,-1,-1,-1
117,1,303.42,144.76,15.00,38.00,1,-1,-1,-1
117,2,477.50,191.40,20.06,46.07,1,-1,-1,-1
118,1,303.56,146.23,15.00,38.00,1,-1,-1,-1
118,2,477.45,191.28,20.06,46.07,1,-1,-1,-1
119,1,302.19,145.87,15.00,38.00,1,-1,-1,-1
119,2,477.27,190.72,20.06,46.07,1,-1,-1,-1
120,1,302.03,146.36,15.00,38.00,1,-1,-1,-1
120,2,476.71,190.21,20.06,46.07,1,-1,-1,-1
121,1,301.38,146.20,15.00,38.00,1,-1,-1,-1
121,2,476.73,189.27,20.06,46.07,1,-1,-1,-1
122,1,301.35,145.83,15.00,38.00,1,-1,-1,-1
122,2,476.89,189.16,20.06,46.07,1,-1,-1,-1
123,1,300.88,146.51,15.00,38.00,1,-1,-1,-1
123,2,476.89,188.95,20.06,46.07,1,-1,-1,-1
124,1,300.06,146.59,15.00,38.00,1,-1,-1,-1
124,2,476.80,189.34,20.06,46.07,1,-1,-1,-1
125,1,299.50,148.08,15.00,38.00,1,-1,-1,-1
125,2,476.22,189.63,20.06,46.07,1,-1,-1,-1
126,1,298.79,148.00,15.00,38.00,1,-1,-1,-1
126,2,475.63,190.13,20.06,46.07,1,-1,-1,-1
127,1,299.01,148.91,15.00,38.00,1,-1,-1,-1
127,2,475.79,190.23,20.06,46.07,1,-1,-1,-1
128,1,299.24,149.17,15.00,38.00,1,-1,-1,-1
128,2,476.21,189.98,20.06,46.07,1,-1,-1,-1
129,1,299.38,148.37,15.00,38.00,1,-1,-1,-1
129,2,476.02,189.10,20.06,46.07,1,-1,-1,-1
130,1,299.66,148.50,15.00,38.00,1,-1,-1,-1
130,2,476.28,187.99,20.06,46.07,1,-1,-1,-1
131,1,299.18,148.84,15.00,38.00,1,-1,-1,-1
131,2,477.01,187.46,20.06,46.07,1,-1,-1,-1
132,1,299.90,149.73,15.00,38.00,1,-1,-1,-1
132,2,477.30,187.54,20.06,46.07,1,-1,-1,-1
133,1,300.04,150.14,15.00,38.00,1,-1,-1,-1
133,2,478.34,187.98,20.06,46.07,1,-1,-1,-1
134,1,300.50,150.05,15.00,38.00,1,-1,-1,-1
134,2,479.32,188.52,20.06,46.07,1,-1,-1,-1
135,1,302.90,150.70,15.00,38.00,1,-1,-1,-1
135,2,481.94,189.49,20.06,46.07,1,-1,-1,-1
136,1,303.51,150.99,15.00,38.00,1,-1,-1,-1
136,2,483.78,189.32,20.06,46.07,1,-1,-1,-1
137,1,303.97,151.29,15.00,38.00,1,-1,-1,-1
137,2,484.81,189.93,20.06,46.07,1,-1,-1,-1
138,1,305.69,150.46,15.00,38.00,1,-1,-1,-1
138,2,486.42,189.46,20.06,46.07,1,-1,-1,-1
139,1,306.44,150.29,15.00,38.00,1,-1,-1,-1
139,2,487.20,189.28,20.06,46.07,1,-1,-1,-1
140,2,490.24,188.14,20.06,46.07,1,-1,-1,-1
141,2,492.39,187.74,20.06,46.07,1,-1,-1,-1
142,1,311.45,151.99,15.00,38.00,1,-1,-1,-1
142,2,493.78,189.13,20.06,46.07,1,-1,-1,-1
143,2,495.42,188.44,20.06,46.07,1,-1,-1,-1
144,1,314.42,151.48,15.00,38.00,1,-1,-1,-1
144,2,496.29,189.59,20.06,46.07,1,-1,-1,-1
145,1,316.39,151.20,15.00,38.00,1,-1,-1,-1
145,2,499.00,189.34,20.06,46.07,1,-1,-1,-1
146,1,317.22,150.73,15.00,38.00,1,-1,-1,-1
146,2,499.55,189.73,20.06,46.07,1,-1,-1,-1
146,4,78.65,100.70,6.00,13.00,1,-1,-1,-1
147,1,317.93,151.11,15.00,38.00,1,-1,-1,-1
147,2,501.54,189.51,20.06,46.07,1,-1,-1,-1
148,2,501.95,189.22,20.06,46.07,1,-1,-1,-1
149,2,503.10,188.68,20.06,46.07,1,-1,-1,-1
149,4,80.22,101.85,6.00,13.00,1,-1,-1,-1
150,1,320.22,151.76,15.00,38.00,1,-1,-1,-1
150,2,503.60,187.95,20.06,46.07,1,-1,-1,-1
151,1,320.55,152.75,15.00,38.00,1,-1,-1,-1
151,2,504.86,188.21,20.06,46.07,1,-1,-1,-1
151,4,81.98,102.85,6.00,13.00,1,-1,-1,-1
151,5,211.28,96.29,6.00,16.00,1,-1,-1,-1
152,2,505.42,188.27,20.06,46.07,1,-1,-1,-1
152,5,212.00,97.17,6.00,16.00,1,-1,-1,-1
153,2,505.51,188.08,20.06,46.07,1,-1,-1,-1
153,5,211.93,97.20,6.00,16.00,1,-1,-1,-1
154,1,321.37,152.48,15.00,38.00,1,-1,-1,-1
154,2,506.00,188.11,20.06,46.07,1,-1,-1,-1
154,5,212.89,97.67,6.00,16.00,1,-1,-1,-1
155,2,506.09,187.79,20.06,46.07,1,-1,-1,-1
155,5,212.77,98.87,6.00,16.00,1,-1,-1,-1
156,2,506.28,188.20,20.06,46.07,1,-1,-1,-1
156,5,212.63,99.45,6.00,16.00,1,-1,-1,-1
157,1,321.10,151.92,15.00,38.00,1,-1,-1,-1
157,2,506.35,187.05,20.06,46.07,1,-1,-1,-1
157,5,212.04,99.36,6.00,16.00,1,-1,-1,-1
158,2,506.51,186.57,20.06,46.07,1,-1,-1,-1
158,5,211.25,99.50,6.00,16.00,1,-1,-1,-1
159,2,506.75,186.65,20.06,46.07,1,-1,-1,-1
159,5,211.28,100.22,6.00,16.00,1,-1,-1,-1
160,2,506.67,186.52,20.06,46.07,1,-1,-1,-1
160,5,210.66,100.56,6.00,16.00,1,-1,-1,-1
161,1,320.28,152.81,15.00,38.00,1,-1,-1,-1
161,2,506.48,186.43,20.06,46.07,1,-1,-1,-1
161,5,210.75,101.43,6.00,16.00,1,-1,-1,-1
162,1,320.29,153.87,15.00,38.00,1,-1,-1,-1
162,2,506.04,186.71,20.06,46.07,1,-1,-1,-1
162,5,210.44,101.74,6.00,16.00,1,-1,-1,-1
163,1,320.04,153.71,15.00,38.00,1,-1,-1,-1
163,2,505.30,186.89,20.06,46.07,1,-1,-1,-1
163,5,209.96,102.53,6.00,16.00,1,-1,-1,-1
164,1,319.54,153.55,15.00,38.00,1,-1,-1,-1
164,2,505.42,186.93,20.06,46.07,1,-1,-1,-1
164,5,210.07,102.59,6.00,16.00,1,-1,-1,-1
165,2,505.27,185.50,20.06,46.07,1,-1,-1,-1
165,5,208.76,103.58,6.00,16.00,1,-1,-1,-1
166,2,505.23,184.20,20.06,46.07,1,-1,-1,-1
166,5,208.81,103.76,6.00,16.00,1,-1,-1,-1
166,6,321.79,160.40,8.00,21.00,1,-1,-1,-1
167,2,505.10,183.35,20.06,46.07,1,-1,-1,-1
167,5,208.73,104.58,6.00,16.00,1,-1,-1,-1
167,6,322.46,161.27,8.00,21.00,1,-1,-1,-1
168,2,504.85,183.03,20.06,46.07,1,-1,-1,-1
168,5,208.16,104.53,6.00,16.00,1,-1,-1,-1
168,6,321.92,161.26,8.00,21.00,1,-1,-1,-1
169,2,505.05,182.41,20.06,46.07,1,-1,-1,-1
169,5,207.56,105.14,6.00,16.00,1,-1,-1,-1
169,6,322.32,161.38,8.00,21.00,1,-1,-1,-1
170,2,504.26,182.54,20.06,46.07,1,-1,-1,-1
170,5,206.86,105.43,6.00,16.00,1,-1,-1,-1
170,6,320.84,161.37,8.00,21.00,1,-1,-1,-1
171,2,504.26,182.70,20.06,46.07,1,-1,-1,-1
171,5,206.91,106.25,6.00,16.00,1,-1,-1,-1
171,6,321.18,161.27,8.00,21.00,1,-1,-1,-1
172,2,504.27,182.80,20.06,46.07,1,-1,-1,-1
172,5,206.66,106.28,6.00,16.00,1,-1,-1,-1
172,6,320.37,161.30,8.00,21.00,1,-1,-1,-1
173,2,504.48,182.85,20.06,46.07,1,-1,-1,-1
173,5,206.10,106.54,6.00,16.00,1,-1,-1,-1
173,6,320.50,161.45,8.00,21.00,1,-1,-1,-1
174,2,504.80,182.70,20.06,46.07,1,-1,-1,-1
174,5,205.40,107.35,6.00,16.00,1,-1,-1,-1
175,2,505.13,182.17,20.06,46.07,1,-1,-1,-1
175,5,205.36,107.88,6.00,16.00,1,-1,-1,-1
176,2,504.71,181.02,20.06,46.07,1,-1,-1,-1
176,5,205.04,108.90,6.00,16.00,1,-1,-1,-1
177,2,504.81,180.57,20.06,46.07,1,-1,-1,-1
177,5,204.55,109.29,6.00,16.00,1,-1,-1,-1
177,6,319.87,162.05,8.00,21.00,1,-1,-1,-1
178,2,504.86,180.84,20.06,46.07,1,-1,-1,-1
178,5,204.82,109.00,6.00,16.00,1,-1,-1,-1
178,6,320.39,162.25,8.00,21.00,1,-1,-1,-1
179,2,504.94,181.17,20.06,46.07,1,-1,-1,-1
179,5,204.82,110.03,6.00,16.00,1,-1,-1,-1
179,6,319.66,162.30,8.00,21.00,1,-1,-1,-1
180,2,504.55,180.80,20.06,46.07,1,-1,-1,-1
180,5,204.37,110.09,6.00,16.00,1,-1,-1,-1
180,6,319.39,162.37,8.00,21.00,1,-1,-1,-1
181,2,504.38,181.07,20.06,46.07,1,-1,-1,-1
181,5,203.56,110.43,6.00,16.00,1,-1,-1,-1
181,6,318.81,162.84,8.00,21.00,1,-1,-1,-1
182,5,203.52,111.29,6.00,16.00,1,-1,-1,-1
182,6,319.01,162.62,8.00,21.00,1,-1,-1,-1
183,5,203.22,111.48,6.00,16.00,1,-1,-1,-1
183,6,318.05,162.84,8.00,21.00,1,-1,-1,-1
183,7,508.99,191.72,9.00,27.00,1,-1,-1,-1
184,5,202.62,112.15,6.00,16.00,1,-1,-1,-1
184,6,317.94,163.55,8.00,21.00,1,-1,-1,-1
184,7,508.71,190.74,9.00,27.00,1,-1,-1,-1
185,5,202.40,112.77,6.00,16.00,1,-1,-1,-1
185,6,318.33,163.38,8.00,21.00,1,-1,-1,-1
185,7,508.07,189.59,8.82,26.47,1,-1,-1,-1
186,5,201.63,113.61,6.00,16.00,1,-1,-1,-1
186,6,317.60,163.93,8.00,21.00,1,-1,-1,-1
186,7,508.15,189.34,9.00,27.00,1,-1,-1,-1
187,5,201.61,113.91,6.00,16.00,1,-1,-1,-1
187,6,317.51,163.38,8.00,21.00,1,-1,-1,-1
187,7,508.00,188.77,9.18,27.54,1,-1,-1,-1
188,5,201.32,114.64,6.00,16.00,1,-1,-1,-1
188,6,317.14,163.69,8.00,21.00,1,-1,-1,-1
188,7,507.24,188.16,9.18,27.54,1,-1,-1,-1
189,5,200.59,114.59,6.00,16.00,1,-1,-1,-1
189,6,316.29,163.32,8.00,21.00,1,-1,-1,-1
189,7,507.38,189.04,9.18,27.54,1,-1,-1,-1
189,8,62.61,127.57,7.00,12.00,1,-1,-1,-1
190,5,200.23,115.05,6.00,16.00,1,-1,-1,-1
190,7,507.06,188.38,9.18,27.54,1,-1,-1,-1
190,8,61.10,129.09,7.00,12.00,1,-1,-1,-1
191,5,199.63,114.82,6.00,16.00,1,-1,-1,-1
191,7,506.71,187.79,9.00,27.00,1,-1,-1,-1
192,5,199.83,115.92,6.00,16.00,1,-1,-1,-1
192,6,315.73,165.31,8.00,21.00,1,-1,-1,-1
192,7,506.53,188.15,9.00,27.00,1,-1,-1,-1
193,5,199.84,116.49,6.00,16.00,1,-1,-1,-1
193,6,315.79,165.62,8.00,21.00,1,-1,-1,-1
193,7,506.27,188.01,9.00,27.00,1,-1,-1,-1
194,5,199.46,116.51,6.00,16.00,1,-1,-1,-1
194,6,315.72,165.16,8.00,21.00,1,-1,-1,-1
194,7,506.96,186.90,9.00,27.00,1,-1,-1,-1
195,5,198.80,117.13,6.00,16.00,1,-1,-1,-1
195,6,315.15,165.45,8.00,21.00,1,-1,-1,-1
195,7,506.48,186.17,9.00,27.00,1,-1,-1,-1
195,8,58.31,132.74,7.00,12.00,1,-1,-1,-1
196,5,198.87,117.16,6.00,16.00,1,-1,-1,-1
196,6,314.48,165.73,8.00,21.00,1,-1,-1,-1
196,7,506.87,185.95,9.00,27.00,1,-1,-1,-1
196,8,58.31,133.19,7.00,12.00,1,-1,-1,-1
197,5,198.71,117.68,6.00,16.00,1,-1,-1,-1
197,6,314.60,165.28,8.00,21.00,1,-1,-1,-1
197,7,506.11,185.85,9.00,27.00,1,-1,-1,-1
197,8,57.85,133.15,7.00,12.00,1,-1,-1,-1
198,5,198.29,118.51,6.00,16.00,1,-1,-1,-1
198,6,314.60,166.09,8.00,21.00,1,-1,-1,-1
198,7,506.25,185.76,9.00,27.00,1,-1,-1,-1
199,5,197.67,118.78,6.00,16.00,1,-1,-1,-1
199,6,314.50,166.33,8.00,21.00,1,-1,-1,-1
199,7,505.97,185.76,9.00,27.00,1,-1,-1,-1
200,5,197.47,119.79,6.00,16.00,1,-1,-1,-1
200,6,314.08,167.29,8.00,21.00,1,-1,-1,-1
200,7,505.26,185.29,9.00,27.00,1,-1,-1,-1
201,5,196.85,120.26,6.00,16.00,1,-1,-1,-1
201,7,505.56,185.56,9.00,27.00,1,-1,-1,-1
202,5,197.14,120.23,6.00,16.00,1,-1,-1,-1
202,6,313.84,166.75,8.00,21.00,1,-1,-1,-1
202,7,504.74,184.51,8.82,26.47,1,-1,-1,-1
202,8,54.79,137.32,7.00,12.00,1,-1,-1,-1
203,5,196.21,120.63,6.00,16.00,1,-1,-1,-1
203,6,313.97,166.86,8.00,21.00,1,-1,-1,-1
203,7,504.64,183.81,9.00,27.00,1,-1,-1,-1
204,5,196.05,121.42,6.00,16.00,1,-1,-1,-1
204,6,313.92,167.07,8.00,21.00,1,-1,-1,-1
204,7,504.47,182.47,9.00,27.00,1,-1,-1,-1
205,5,195.43,121.96,6.00,16.00,1,-1,-1,-1
205,6,313.61,167.86,8.00,21.00,1,-1,-1,-1
205,7,505.10,182.55,9.00,27.00,1,-1,-1,-1
206,5,195.59,122.84,6.00,16.00,1,-1,-1,-1
206,6,313.22,168.01,8.00,21.00,1,-1,-1,-1
206,7,504.71,182.68,8.82,26.47,1,-1,-1,-1
207,5,195.72,123.10,6.00,16.00,1,-1,-1,-1
207,6,312.50,168.78,8.00,21.00,1,-1,-1,-1
207,7,503.90,183.23,9.00,27.00,1,-1,-1,-1
208,5,195.79,122.85,6.00,16.00,1,-1,-1,-1
208,7,504.12,183.27,9.00,27.00,1,-1,-1,-1
208,8,51.42,140.97,7.00,12.00,1,-1,-1,-1
209,5,195.80,123.95,6.00,16.00,1,-1,-1,-1
209,6,313.13,169.47,8.00,21.00,1,-1,-1,-1
209,7,504.35,183.43,9.00,27.00,1,-1,-1,-1
209,8,52.08,142.20,7.00,12.00,1,-1,-1,-1
210,5,195.86,124.93,6.00,16.00,1,-1,-1,-1
210,6,312.52,170.13,8.00,21.00,1,-1,-1,-1
210,7,504.87,182.52,9.00,27.00,1,-1,-1,-1
210,8,51.14,142.50,7.00,12.00,1,-1,-1,-1
211,5,196.01,125.32,6.00,16.00,1,-1,-1,-1
211,6,313.14,169.71,8.00,21.00,1,-1,-1,-1
211,7,504.56,181.32,9.00,27.00,1,-1,-1,-1
211,8,51.07,143.45,7.00,12.00,1,-1,-1,-1
212,5,195.34,125.16,6.00,16.00,1,-1,-1,-1
212,6,312.81,169.33,8.00,21.00,1,-1,-1,-1
212,7,504.56,181.30,9.00,27.00,1,-1,-1,-1
212,8,50.98,143.98,7.00,12.00,1,-1,-1,-1
213,5,195.70,125.37,6.00,16.00,1,-1,-1,-1
213,6,313.55,170.12,8.00,21.00,1,-1,-1,-1
213,7,504.64,181.24,9.00,27.00,1,-1,-1,-1
213,8,50.75,145.05,7.00,12.00,1,-1,-1,-1
214,5,196.24,126.26,6.00,16.00,1,-1,-1,-1
214,6,313.46,170.24,8.00,21.00,1,-1,-1,-1
214,7,504.88,180.72,9.00,27.00,1,-1,-1,-1
215,5,196.02,127.11,6.00,16.00,1,-1,-1,-1
215,6,313.69,171.42,8.00,21.00,1,-1,-1,-1
215,7,505.20,180.23,9.00,27.00,1,-1,-1,-1
216,5,195.83,127.40,6.00,16.00,1,-1,-1,-1
216,6,313.94,172.29,8.00,21.00,1,-1,-1,-1
217,5,196.74,128.03,6.00,16.00,1,-1,-1,-1
217,6,314.53,172.44,8.00,21.00,1,-1,-1,-1
218,5,196.66,128.15,6.00,16.00,1,-1,-1,-1
218,6,314.29,172.53,8.00,21.00,1,-1,-1,-1
218,7,505.17,180.31,9.00,27.00,1,-1,-1,-1
218,8,50.14,148.30,7.00,12.00,1,-1,-1,-1
219,5,196.59,128.63,6.00,16.00,1,-1,-1,-1
219,6,314.12,171.72,8.00,21.00,1,-1,-1,-1
219,7,505.49,180.50,9.00,27.00,1,-1,-1,-1
219,8,49.97,148.51,7.00,12.00,1,-1,-1,-1
220,5,196.42,129.66,6.00,16.00,1,-1,-1,-1
220,6,314.01,172.06,8.00,21.00,1,-1,-1,-1
220,7,505.56,179.42,9.00,27.00,1,-1,-1,-1
221,5,196.19,130.26,6.00,16.00,1,-1,-1,-1
221,6,313.82,172.81,8.00,21.00,1,-1,-1,-1
221,7,504.62,178.55,9.00,27.00,1,-1,-1,-1
222,5,195.79,130.26,6.00,16.00,1,-1,-1,-1
222,6,314.59,172.99,8.00,21.00,1,-1,-1,-1
222,7,504.51,177.29,9.00,27.00,1,-1,-1,-1
222,8,48.06,151.29,7.00,12.00,1,-1,-1,-1
223,5,196.10,130.52,6.00,16.00,1,-1,-1,-1
223,6,314.22,173.91,8.00,21.00,1,-1,-1,-1
223,7,504.24,177.88,9.00,27.00,1,-1,-1,-1
223,8,47.93,152.13,7.00,12.00,1,-1,-1,-1
224,5,195.30,131.32,6.00,16.00,1,-1,-1,-1
224,6,313.66,174.69,8.00,21.00,1,-1,-1,-1
224,7,504.68,177.31,9.00,27.00,1,-1,-1,-1
224,8,47.21,152.55,7.00,12.00,1,-1,-1,-1
225,5,195.11,132.32,6.00,16.00,1,-1,-1,-1
225,6,313.70,175.44,8.00,21.00,1,-1,-1,-1
225,7,503.49,177.99,9.00,27.00,1,-1,-1,-1
226,5,194.64,132.80,6.00,16.00,1,-1,-1,-1
226,6,313.64,176.29,8.00,21.00,1,-1,-1,-1
226,7,503.68,178.01,9.00,27.00,1,-1,-1,-1
226,8,45.76,155.52,7.00,12.00,1,-1,-1,-1
227,5,194.76,133.63,6.00,16.00,1,-1,-1,-1
227,6,313.30,176.30,8.00,21.00,1,-1,-1,-1
227,7,502.65,177.78,9.00,27.00,1,-1,-1,-1
227,8,44.65,156.28,7.00,12.00,1,-1,-1,-1
228,5,194.67,134.29,6.00,16.00,1,-1,-1,-1
228,6,312.80,176.47,8.00,21.00,1,-1,-1,-1
228,7,502.15,177.37,9.00,27.00,1,-1,-1,-1
228,8,43.76,156.88,7.00,12.00,1,-1,-1,-1
229,5,194.13,134.40,6.00,16.00,1,-1,-1,-1
229,6,313.09,176.88,8.00,21.00,1,-1,-1,-1
229,7,502.27,177.33,9.00,27.00,1,-1,-1,-1
229,8,43.08,158.29,7.00,12.00,1,-1,-1,-1
230,5,193.28,135.19,6.00,16.00,1,-1,-1,-1
230,6,312.27,176.81,8.00,21.00,1,-1,-1,-1
230,7,502.18,176.51,9.00,27.00,1,-1,-1,-1
230,8,42.82,158.63,7.00,12.00,1,-1,-1,-1
231,5,192.68,136.10,6.00,16.00,1,-1,-1,-1
231,6,312.15,178.38,8.00,21.00,1,-1,-1,-1
231,7,501.32,175.22,9.00,27.00,1,-1,-1,-1
231,8,41.04,160.61,7.00,12.00,1,-1,-1,-1
232,5,192.65,136.58,6.00,16.00,1,-1,-1,-1
232,6,311.87,179.63,8.00,21.00,1,-1,-1,-1
232,7,501.07,175.13,9.00,27.00,1,-1,-1,-1
232,8,40.59,161.48,7.00,12.00,1,-1,-1,-1
233,5,192.37,137.70,6.00,16.00,1,-1,-1,-1
233,6,312.55,179.82,8.00,21.00,1,-1,-1,-1
233,7,500.28,175.06,9.00,27.00,1,-1,-1,-1
233,8,39.53,162.22,7.00,12.00,1,-1,-1,-1
234,5,191.78,138.31,6.00,16.00,1,-1,-1,-1
234,6,312.14,180.18,8.00,21.00,1,-1,-1,-1
234,7,500.05,175.05,9.00,27.00,1,-1,-1,-1
234,8,38.65,162.86,7.00,12.00,1,-1,-1,-1
235,5,191.84,138.49,6.00,16.00,1,-1,-1,-1
235,6,311.69,180.55,8.00,21.00,1,-1,-1,-1
235,7,499.29,175.02,9.00,27.00,1,-1,-1,-1
235,8,38.19,164.43,7.00,12.00,1,-1,-1,-1
236,5,191.40,139.91,6.00,16.00,1,-1,-1,-1
236,6,311.83,180.58,8.00,21.00,1,-1,-1,-1
236,7,498.60,175.06,9.00,27.00,1,-1,-1,-1
236,8,37.43,165.88,7.00,12.00,1,-1,-1,-1
237,5,190.82,140.81,6.00,16.00,1,-1,-1,-1
237,6,311.94,180.99,8.00,21.00,1,-1,-1,-1
237,7,497.55,174.62,9.00,27.00,1,-1,-1,-1
238,5,190.88,141.29,6.00,16.00,1,-1,-1,-1
238,6,312.02,181.98,8.00,21.00,1,-1,-1,-1
238,7,497.04,173.75,9.00,27.00,1,-1,-1,-1
238,8,36.25,167.56,7.00,12.00,1,-1,-1,-1
239,5,190.83,141.23,6.00,16.00,1,-1,-1,-1
239,6,311.06,182.62,8.00,21.00,1,-1,-1,-1
239,7,497.19,173.45,9.00,27.00,1,-1,-1,-1
239,8,35.72,168.85,7.00,12.00,1,-1,-1,-1
240,5,190.71,141.89,6.00,16.00,1,-1,-1,-1
240,6,311.01,182.93,8.00,21.00,1,-1,-1,-1
240,7,497.06,173.29,9.00,27.00,1,-1,-1,-1
240,8,34.69,169.91,7.00,12.00,1,-1,-1,-1
241,5,190.43,143.73,6.00,16.00,1,-1,-1,-1
241,6,311.26,185.20,8.00,21.00,1,-1,-1,-1
241,7,496.20,172.73,9.00,27.00,1,-1,-1,-1
241,8,33.60,171.85,7.00,12.00,1,-1,-1,-1
242,5,190.07,144.19,6.00,16.00,1,-1,-1,-1
242,6,311.48,185.96,8.00,21.00,1,-1,-1,-1
242,7,496.04,172.08,9.00,27.00,1,-1,-1,-1
242,8,32.98,172.88,7.00,12.00,1,-1,-1,-1
243,5,189.66,144.38,6.00,16.00,1,-1,-1,-1
243,6,311.71,186.00,8.00,21.00,1,-1,-1,-1
243,7,495.59,172.37,9.00,27.00,1,-1,-1,-1
243,8,32.91,173.86,7.00,12.00,1,-1,-1,-1
244,5,190.25,145.29,6.00,16.00,1,-1,-1,-1
244,6,311.95,186.17,8.00,21.00,1,-1,-1,-1
244,7,494.70,172.90,9.00,27.00,1,-1,-1,-1
244,8,32.37,174.91,7.00,12.00,1,-1,-1,-1
245,5,189.86,145.86,6.00,16.00,1,-1,-1,-1
245,6,312.26,186.69,8.00,21.00,1,-1,-1,-1
245,7,494.25,172.68,9.00,27.00,1,-1,-1,-1
245,8,32.40,175.95,7.00,12.00,1,-1,-1,-1
246,5,190.40,147.66,6.00,16.00,1,-1,-1,-1
246,6,311.83,187.03,8.00,21.00,1,-1,-1,-1
246,7,494.28,172.07,9.00,27.00,1,-1,-1,-1
247,5,189.91,148.03,6.00,16.00,1,-1,-1,-1
247,6,312.56,188.16,8.00,21.00,1,-1,-1,-1
247,7,494.05,172.04,9.00,27.00,1,-1,-1,-1
247,8,30.38,178.96,7.00,12.00,1,-1,-1,-1
248,5,190.42,148.08,6.00,16.00,1,-1,-1,-1
248,6,312.48,189.27,8.00,21.00,1,-1,-1,-1
248,7,493.81,171.18,9.00,27.00,1,-1,-1,-1
248,8,30.73,179.94,7.00,12.00,1,-1,-1,-1
249,5,189.92,148.40,6.00,16.00,1,-1,-1,-1
249,6,312.55,190.32,8.00,21.00,1,-1,-1,-1
249,7,493.27,171.18,9.00,27.00,1,-1,-1,-1
250,5,190.45,149.40,6.00,16.00,1,-1,-1,-1
250,6,312.72,190.79,8.00,21.00,1,-1,-1,-1
250,7,493.52,170.56,9.00,27.00,1,-1,-1,-1
250,8,29.51,182.10,7.00,12.00,1,-1,-1,-1
251,5,190.15,150.49,6.00,16.00,1,-1,-1,-1
251,6,313.52,190.68,8.00,21.00,1,-1,-1,-1
251,7,492.42,169.85,9.00,27.00,1,-1,-1,-1
252,5,189.97,151.31,6.00,16.00,1,-1,-1,-1
252,6,313.51,190.78,8.00,21.00,1,-1,-1,-1
252,7,492.69,170.42,9.00,27.00,1,-1,-1,-1
253,5,190.88,151.77,6.00,16.00,1,-1,-1,-1
253,6,313.73,191.27,8.00,21.00,1,-1,-1,-1
254,5,190.90,152.81,6.00,16.00,1,-1,-1,-1
254,6,314.15,192.36,8.00,21.00,1,-1,-1,-1
255,5,191.04,153.32,6.00,16.00,1,-1,-1,-1
255,6,313.82,193.32,8.00,21.00,1,-1,-1,-1
255,8,27.69,187.47,7.00,12.00,1,-1,-1,-1
256,5,190.60,154.20,6.00,16.00,1,-1,-1,-1
256,6,314.89,195.36,8.00,21.00,1,-1,-1,-1
256,8,27.31,190.12,7.00,12.00,1,-1,-1,-1
257,5,191.31,154.88,6.00,16.00,1,-1,-1,-1
257,6,315.19,196.26,8.00,21.00,1,-1,-1,-1
257,7,490.77,169.40,9.00,27.00,1,-1,-1,-1
258,5,191.16,156.13,6.00,16.00,1,-1,-1,-1
258,6,314.97,196.63,8.00,21.00,1,-1,-1,-1
258,7,490.08,169.43,9.00,27.00,1,-1,-1,-1
259,5,191.17,156.13,6.00,16.00,1,-1,-1,-1
259,6,316.03,196.51,8.00,21.00,1,-1,-1,-1
259,7,490.20,168.98,9.00,27.00,1,-1,-1,-1
260,5,191.29,156.76,6.00,16.00,1,-1,-1,-1
260,6,315.48,196.64,8.00,21.00,1,-1,-1,-1
260,7,490.07,168.24,9.00,27.00,1,-1,-1,-1
261,5,191.50,158.58,6.00,16.00,1,-1,-1,-1
261,6,316.58,197.48,8.00,21.00,1,-1,-1,-1
261,7,489.25,168.47,9.00,27.00,1,-1,-1,-1
262,5,191.61,159.33,6.00,16.00,1,-1,-1,-1
262,6,316.75,198.72,8.00,21.00,1,-1,-1,-1
262,7,488.98,168.59,9.00,27.00,1,-1,-1,-1
263,5,191.61,159.74,6.00,16.00,1,-1,-1,-1
263,6,317.08,198.74,8.00,21.00,1,-1,-1,-1
263,7,488.01,167.84,9.00,27.00,1,-1,-1,-1
264,5,191.44,160.69,6.00,16.00,1,-1,-1,-1
264,6,316.52,199.68,8.00,21.00,1,-1,-1,-1
264,7,487.36,168.13,9.00,27.00,1,-1,-1,-1
265,5,190.98,161.30,6.00,16.00,1,-1,-1,-1
265,6,317.03,200.60,8.00,21.00,1,-1,-1,-1
265,7,486.99,168.10,9.00,27.00,1,-1,-1,-1
266,5,190.79,162.20,6.00,16.00,1,-1,-1,-1
266,6,316.41,201.70,8.00,21.00,1,-1,-1,-1
266,7,485.41,167.23,9.00,27.00,1,-1,-1,-1
267,5,189.99,162.92,6.00,16.00,1,-1,-1,-1
267,6,316.68,202.14,8.00,21.00,1,-1,-1,-1
268,5,189.75,164.21,6.00,16.00,1,-1,-1,-1
268,6,316.81,202.71,8.00,21.00,1,-1,-1,-1
268,7,483.29,166.09,9.00,27.00,1,-1,-1,-1
269,5,188.85,164.36,6.00,16.00,1,-1,-1,-1
269,6,316.68,202.56,8.00,21.00,1,-1,-1,-1
270,5,188.16,165.33,6.00,16.00,1,-1,-1,-1
270,6,316.27,202.79,8.00,21.00,1,-1,-1,-1
270,8,14.50,207.66,13.00,17.00,1,-1,-1,-1
271,5,186.18,167.03,6.00,16.00,1,-1,-1,-1
271,6,314.77,204.87,8.00,21.00,1,-1,-1,-1
271,7,478.18,164.60,9.00,27.00,1,-1,-1,-1
272,5,185.32,167.59,6.00,16.00,1,-1,-1,-1
272,6,314.81,205.96,8.00,21.00,1,-1,-1,-1
273,5,184.54,168.85,6.00,16.00,1,-1,-1,-1
273,6,314.43,207.10,8.00,21.00,1,-1,-1,-1
274,5,183.87,170.10,6.00,16.00,1,-1,-1,-1
274,6,313.51,208.15,8.00,21.00,1,-1,-1,-1
275,5,183.31,170.32,6.00,16.00,1,-1,-1,-1
275,6,313.10,208.90,8.00,21.00,1,-1,-1,-1
276,5,180.63,172.44,6.00,16.00,1,-1,-1,-1
276,6,311.65,209.54,8.00,21.00,1,-1,-1,-1
276,7,469.06,163.29,9.00,27.00,1,-1,-1,-1
277,5,179.71,173.70,6.00,16.00,1,-1,-1,-1
277,6,311.38,209.72,8.00,21.00,1,-1,-1,-1
277,7,467.30,162.81,9.00,27.00,1,-1,-1,-1
278,5,178.57,175.08,6.00,16.00,1,-1,-1,-1
278,6,310.34,210.59,8.00,21.00,1,-1,-1,-1
278,7,465.61,162.01,9.00,27.00,1,-1,-1,-1
279,5,177.09,175.65,6.00,16.00,1,-1,-1,-1
279,6,309.52,211.30,8.00,21.00,1,-1,-1,-1
279,7,463.06,161.91,9.00,27.00,1,-1,-1,-1
280,5,175.25,176.91,6.00,16.00,1,-1,-1,-1
280,6,308.77,212.89,8.00,21.00,1,-1,-1,-1
280,7,461.55,161.72,9.00,27.00,1,-1,-1,-1
281,5,172.54,179.32,6.00,16.00,1,-1,-1,-1
281,6,307.53,214.98,8.00,21.00,1,-1,-1,-1
281,7,456.83,161.85,9.00,27.00,1,-1,-1,-1
282,5,171.48,179.90,6.00,16.00,1,-1,-1,-1
282,6,306.49,215.94,8.00,21.00,1,-1,-1,-1
283,5,169.83,181.28,6.00,16.00,1,-1,-1,-1
283,6,305.65,216.64,8.00,21.00,1,-1,-1,-1
283,7,453.27,161.12,9.00,27.00,1,-1,-1,-1
284,5,168.72,181.82,6.00,16.00,1,-1,-1,-1
284,6,305.02,216.68,8.00,21.00,1,-1,-1,-1
284,7,451.46,161.03,9.00,27.00,1,-1,-1,-1
285,5,167.04,183.44,6.00,16.00,1,-1,-1,-1
285,6,303.63,217.41,8.00,21.00,1,-1,-1,-1
285,7,449.81,160.43,9.00,27.00,1,-1,-1,-1
286,5,163.61,185.33,6.00,16.00,1,-1,-1,-1
286,6,302.70,219.64,8.00,21.00,1,-1,-1,-1
286,7,445.21,159.47,9.00,27.00,1,-1,-1,-1
287,5,162.69,186.36,6.00,16.00,1,-1,-1,-1
287,6,301.84,219.94,8.00,21.00,1,-1,-1,-1
287,7,443.54,159.25,9.00,27.00,1,-1,-1,-1
288,5,161.12,187.64,6.00,16.00,1,-1,-1,-1
288,6,301.12,221.37,8.00,21.00,1,-1,-1,-1
288,7,440.83,158.84,9.00,27.00,1,-1,-1,-1
289,5,159.37,189.13,6.00,16.00,1,-1,-1,-1
289,6,299.93,223.21,8.00,21.00,1,-1,-1,-1
289,7,439.19,158.14,9.00,27.00,1,-1,-1,-1
290,5,158.23,189.88,6.00,16.00,1,-1,-1,-1
290,6,300.02,224.41,8.00,21.00,1,-1,-1,-1
290,7,437.53,158.49,9.00,27.00,1,-1,-1,-1
291,5,155.80,192.98,6.00,16.00,1,-1,-1,-1
291,6,298.62,226.52,8.00,21.00,1,-1,-1,-1
291,7,433.18,159.23,9.00,27.00,1,-1,-1,-1
292,5,155.21,194.48,6.00,16.00,1,-1,-1,-1
292,6,299.03,226.51,8.00,21.00,1,-1,-1,-1
292,7,432.28,159.27,9.00,27.00,1,-1,-1,-1
293,5,153.98,195.20,6.00,16.00,1,-1,-1,-1
293,6,298.52,227.17,8.00,21.00,1,-1,-1,-1
293,7,430.99,159.02,9.00,27.00,1,-1,-1,-1
294,5,153.96,196.15,6.00,16.00,1,-1,-1,-1
294,6,299.17,228.63,8.00,21.00,1,-1,-1,-1
294,7,429.64,158.28,9.00,27.00,1,-1,-1,-1
295,5,153.72,197.21,6.00,16.00,1,-1,-1,-1
295,6,299.47,228.95,8.00,21.00,1,-1,-1,-1
295,7,428.43,158.18,9.00,27.00,1,-1,-1,-1
296,5,153.69,198.93,6.00,16.00,1,-1,-1,-1
296,6,301.72,231.63,8.00,21.00,1,-1,-1,-1
296,7,428.06,157.71,9.00,27.00,1,-1,-1,-1
297,5,154.07,200.48,6.00,16.00,1,-1,-1,-1
297,6,303.22,232.71,8.00,21.00,1,-1,-1,-1
297,7,427.35,157.61,9.00,27.00,1,-1,-1,-1
298,5,154.05,200.73,6.00,16.00,1,-1,-1,-1
298,6,303.78,234.13,8.00,21.00,1,-1,-1,-1
298,7,427.38,157.65,9.00,27.00,1,-1,-1,-1
299,5,154.77,201.69,6.00,16.00,1,-1,-1,-1
299,6,305.71,235.31,8.00,21.00,1,-1,-1,-1
299,7,427.34,158.30,9.00,27.00,1,-1,-1,-1
