1,1,307.01,223.04,9.00,29.00,1,-1,-1,-1
1,2,191.07,184.02,8.00,21.00,1,-1,-1,-1
1,3,181.01,184.00,8.00,23.00,1,-1,-1,-1
2,1,307.00,223.10,9.00,29.00,1,-1,-1,-1
2,2,191.11,184.00,8.00,21.00,1,-1,-1,-1
2,3,181.00,184.01,8.00,23.00,1,-1,-1,-1
3,1,306.98,223.23,9.00,29.00,1,-1,-1,-1
3,2,191.11,183.96,8.00,21.00,1,-1,-1,-1
3,3,180.97,184.05,8.00,23.00,1,-1,-1,-1
4,1,307.00,223.46,9.00,29.00,1,-1,-1,-1
4,2,191.11,183.89,8.00,21.00,1,-1,-1,-1
4,3,181.91,184.11,8.00,23.00,1,-1,-1,-1
5,1,307.04,223.73,9.00,29.00,1,-1,-1,-1
5,2,191.08,183.79,8.00,21.00,1,-1,-1,-1
5,3,181.83,184.16,8.00,23.00,1,-1,-1,-1
6,1,307.15,223.06,9.00,29.00,1,-1,-1,-1
6,2,191.02,183.73,8.00,21.00,1,-1,-1,-1
6,3,181.76,184.21,8.00,23.00,1,-1,-1,-1
7,1,307.27,223.53,9.00,29.00,1,-1,-1,-1
7,2,190.92,183.64,8.00,21.00,1,-1,-1,-1
7,3,181.71,184.24,8.00,23.00,1,-1,-1,-1
8,1,307.53,223.06,9.00,29.00,1,-1,-1,-1
8,2,191.83,183.50,8.00,21.00,1,-1,-1,-1
8,3,181.70,184.31,8.00,23.00,1,-1,-1,-1
9,1,307.03,223.74,9.00,29.00,1,-1,-1,-1
9,2,191.78,184.36,8.00,21.00,1,-1,-1,-1
9,3,181.69,184.36,8.00,23.00,1,-1,-1,-1
10,1,307.85,223.42,9.00,29.00,1,-1,-1,-1
10,2,191.81,184.06,8.00,21.00,1,-1,-1,-1
10,3,181.73,184.44,8.00,23.00,1,-1,-1,-1
11,1,307.84,224.17,9.00,29.00,1,-1,-1,-1
11,2,191.88,183.87,8.00,21.00,1,-1,-1,-1
11,3,181.80,184.55,8.00,23.00,1,-1,-1,-1
12,1,307.95,223.95,9.00,29.00,1,-1,-1,-1
12,2,191.96,183.54,8.00,21.00,1,-1,-1,-1
12,3,181.92,183.56,8.00,23.00,1,-1,-1,-1
13,1,308.17,223.74,9.00,29.00,1,-1,-1,-1
13,2,192.03,183.19,8.00,21.00,1,-1,-1,-1
13,3,182.02,183.50,8.00,23.00,1,-1,-1,-1
14,1,308.52,223.51,9.00,29.00,1,-1,-1,-1
14,2,191.14,183.75,8.00,21.00,1,-1,-1,-1
14,3,181.10,183.45,8.00,23.00,1,-1,-1,-1
15,1,308.05,223.17,9.00,29.00,1,-1,-1,-1
15,2,191.24,183.20,8.00,21.00,1,-1,-1,-1
15,3,181.12,184.30,8.00,23.00,1,-1,-1,-1
16,1,308.62,223.81,9.00,29.00,1,-1,-1,-1
16,2,191.30,183.50,8.00,21.00,1,-1,-1,-1
16,3,181.13,184.13,8.00,23.00,1,-1,-1,-1
17,1,308.32,223.52,9.00,29.00,1,-1,-1,-1
17,2,191.37,183.97,8.00,21.00,1,-1,-1,-1
17,3,181.08,183.97,8.00,23.00,1,-1,-1,-1
18,1,308.92,223.16,9.00,29.00,1,-1,-1,-1
18,2,191.36,183.29,8.00,21.00,1,-1,-1,-1
18,3,180.81,183.75,8.00,23.00,1,-1,-1,-1
19,1,308.60,223.85,9.00,29.00,1,-1,-1,-1
19,2,191.39,183.56,8.00,21.00,1,-1,-1,-1
19,3,181.52,183.55,8.00,23.00,1,-1,-1,-1
20,1,308.20,223.60,9.00,29.00,1,-1,-1,-1
20,2,191.37,182.97,8.00,21.00,1,-1,-1,-1
20,3,181.15,183.39,8.00,23.00,1,-1,-1,-1
21,1,308.63,223.49,9.00,29.00,1,-1,-1,-1
21,2,191.33,183.18,8.00,21.00,1,-1,-1,-1
21,3,180.64,184.18,8.00,23.00,1,-1,-1,-1
22,1,307.97,224.40,9.00,29.00,1,-1,-1,-1
22,2,191.30,183.27,8.00,21.00,1,-1,-1,-1
22,3,180.99,184.03,8.00,23.00,1,-1,-1,-1
23,1,308.26,224.35,9.00,29.00,1,-1,-1,-1
23,2,191.23,183.33,8.00,21.00,1,-1,-1,-1
23,3,181.20,183.91,8.00,23.00,1,-1,-1,-1
24,1,308.55,224.32,9.00,29.00,1,-1,-1,-1
24,2,191.09,183.48,8.00,21.00,1,-1,-1,-1
24,3,180.41,183.83,8.00,23.00,1,-1,-1,-1
25,1,307.76,224.27,9.00,29.00,1,-1,-1,-1
25,2,190.88,183.60,8.00,21.00,1,-1,-1,-1
25,3,180.50,183.74,8.00,23.00,1,-1,-1,-1
26,1,307.90,224.25,9.00,29.00,1,-1,-1,-1
26,2,191.58,182.78,8.00,21.00,1,-1,-1,-1
26,3,180.56,183.61,8.00,23.00,1,-1,-1,-1
27,1,308.02,224.25,9.00,29.00,1,-1,-1,-1
27,2,191.21,183.03,8.00,21.00,1,-1,-1,-1
27,3,180.42,183.50,8.00,23.00,1,-1,-1,-1
28,1,308.17,224.26,9.00,29.00,1,-1,-1,-1
28,2,190.72,183.16,8.00,21.00,1,-1,-1,-1
28,3,180.31,183.38,8.00,23.00,1,-1,-1,-1
29,1,308.39,224.27,9.00,29.00,1,-1,-1,-1
29,2,191.08,183.25,8.00,21.00,1,-1,-1,-1
29,3,180.27,184.22,8.00,23.00,1,-1,-1,-1
30,1,308.66,224.28,9.00,29.00,1,-1,-1,-1
30,2,190.40,183.40,8.00,21.00,1,-1,-1,-1
30,3,180.19,184.07,8.00,23.00,1,-1,-1,-1
31,1,307.99,224.29,9.00,29.00,1,-1,-1,-1
31,2,190.67,183.56,8.00,21.00,1,-1,-1,-1
31,3,180.18,183.94,8.00,23.00,1,-1,-1,-1
32,1,308.33,224.32,9.00,29.00,1,-1,-1,-1
32,2,190.87,182.63,8.00,21.00,1,-1,-1,-1
32,3,180.23,183.76,8.00,23.00,1,-1,-1,-1
33,1,308.67,224.38,9.00,29.00,1,-1,-1,-1
33,2,191.02,182.55,8.00,21.00,1,-1,-1,-1
33,3,180.38,183.59,8.00,23.00,1,-1,-1,-1
34,1,308.05,224.37,9.00,29.00,1,-1,-1,-1
34,2,190.16,182.54,8.00,21.00,1,-1,-1,-1
34,3,180.61,183.39,8.00,23.00,1,-1,-1,-1
35,1,308.44,224.43,9.00,29.00,1,-1,-1,-1
35,2,190.16,182.28,8.00,21.00,1,-1,-1,-1
35,3,180.92,184.15,8.00,23.00,1,-1,-1,-1
36,1,308.74,224.44,9.00,29.00,1,-1,-1,-1
36,2,190.17,182.96,8.00,21.00,1,-1,-1,-1
36,3,181.15,183.82,8.00,23.00,1,-1,-1,-1
37,1,307.99,224.41,9.00,29.00,1,-1,-1,-1
37,2,190.16,182.65,8.00,21.00,1,-1,-1,-1
37,3,180.52,183.36,8.00,23.00,1,-1,-1,-1
38,1,308.21,224.37,9.00,29.00,1,-1,-1,-1
38,2,190.11,182.43,8.00,21.00,1,-1,-1,-1
38,3,180.74,183.82,8.00,23.00,1,-1,-1,-1
39,1,308.42,224.32,9.00,29.00,1,-1,-1,-1
39,2,190.02,183.24,8.00,21.00,1,-1,-1,-1
39,3,180.88,183.23,8.00,23.00,1,-1,-1,-1
40,1,308.68,224.40,9.00,29.00,1,-1,-1,-1
40,2,189.93,183.01,8.00,21.00,1,-1,-1,-1
40,3,180.91,183.64,8.00,23.00,1,-1,-1,-1
41,1,308.09,224.59,9.00,29.00,1,-1,-1,-1
41,2,190.82,182.74,8.00,21.00,1,-1,-1,-1
41,3,180.94,183.07,8.00,23.00,1,-1,-1,-1
42,1,308.61,223.76,9.00,29.00,1,-1,-1,-1
42,2,190.75,182.44,8.00,21.00,1,-1,-1,-1
42,3,180.95,183.45,8.00,23.00,1,-1,-1,-1
43,1,308.48,224.32,9.00,29.00,1,-1,-1,-1
43,2,190.71,183.15,8.00,21.00,1,-1,-1,-1
43,3,180.83,183.71,8.00,23.00,1,-1,-1,-1
44,1,309.47,224.87,9.00,29.00,1,-1,-1,-1
44,2,190.71,182.79,8.00,21.00,1,-1,-1,-1
44,3,180.70,183.19,8.00,23.00,1,-1,-1,-1
45,1,309.67,224.39,9.00,29.00,1,-1,-1,-1
45,2,190.77,182.43,8.00,21.00,1,-1,-1,-1
45,3,180.50,183.74,8.00,23.00,1,-1,-1,-1
46,1,309.05,224.93,9.00,29.00,1,-1,-1,-1
46,2,190.90,182.93,8.00,21.00,1,-1,-1,-1
46,3,180.16,183.41,8.00,23.00,1,-1,-1,-1
47,1,309.75,224.29,9.00,29.00,1,-1,-1,-1
47,2,191.12,182.63,8.00,21.00,1,-1,-1,-1
47,3,179.78,184.14,8.00,23.00,1,-1,-1,-1
48,1,309.69,224.67,9.00,29.00,1,-1,-1,-1
48,2,190.46,182.28,8.00,21.00,1,-1,-1,-1
48,3,180.33,183.95,8.00,23.00,1,-1,-1,-1
49,1,309.79,224.11,9.00,29.00,1,-1,-1,-1
49,2,190.86,182.76,8.00,21.00,1,-1,-1,-1
49,3,179.89,183.78,8.00,23.00,1,-1,-1,-1
50,1,310.07,224.49,9.00,29.00,1,-1,-1,-1
50,2,191.51,182.47,8.00,21.00,1,-1,-1,-1
50,3,180.26,183.53,8.00,23.00,1,-1,-1,-1
51,1,310.57,224.86,9.00,29.00,1,-1,-1,-1
51,2,191.32,183.04,8.00,21.00,1,-1,-1,-1
51,3,179.62,183.26,8.00,23.00,1,-1,-1,-1
52,1,310.25,223.98,9.00,29.00,1,-1,-1,-1
52,2,191.17,182.55,8.00,21.00,1,-1,-1,-1
52,3,179.91,183.96,8.00,23.00,1,-1,-1,-1
53,1,311.05,224.07,9.00,29.00,1,-1,-1,-1
53,2,191.07,182.09,8.00,21.00,1,-1,-1,-1
53,3,180.15,183.70,8.00,23.00,1,-1,-1,-1
54,1,310.92,224.19,9.00,29.00,1,-1,-1,-1
54,2,190.90,182.51,8.00,21.00,1,-1,-1,-1
54,3,179.30,183.39,8.00,23.00,1,-1,-1,-1
55,1,310.90,224.35,9.00,29.00,1,-1,-1,-1
55,2,191.87,182.08,8.00,21.00,1,-1,-1,-1
55,3,179.44,184.06,8.00,23.00,1,-1,-1,-1
56,1,310.89,224.53,9.00,29.00,1,-1,-1,-1
56,2,191.81,182.61,8.00,21.00,1,-1,-1,-1
56,3,179.50,183.82,8.00,23.00,1,-1,-1,-1
57,1,310.89,223.81,9.00,29.00,1,-1,-1,-1
57,2,191.73,182.15,8.00,21.00,1,-1,-1,-1
57,3,179.50,183.61,8.00,23.00,1,-1,-1,-1
58,1,310.90,224.14,9.00,29.00,1,-1,-1,-1
58,2,191.54,182.60,8.00,21.00,1,-1,-1,-1
58,3,179.44,183.45,8.00,23.00,1,-1,-1,-1
59,1,310.94,224.50,9.00,29.00,1,-1,-1,-1
59,2,191.45,182.11,8.00,21.00,1,-1,-1,-1
59,3,179.25,184.24,8.00,23.00,1,-1,-1,-1
60,1,311.09,223.83,9.00,29.00,1,-1,-1,-1
60,2,191.20,182.60,8.00,21.00,1,-1,-1,-1
60,3,179.05,184.05,8.00,23.00,1,-1,-1,-1
61,1,311.31,224.15,9.00,29.00,1,-1,-1,-1
61,2,190.94,182.15,8.00,21.00,1,-1,-1,-1
61,3,178.83,183.76,8.00,23.00,1,-1,-1,-1
62,1,311.65,224.42,9.00,29.00,1,-1,-1,-1
62,2,191.57,182.70,8.00,21.00,1,-1,-1,-1
62,3,179.50,183.52,8.00,23.00,1,-1,-1,-1
63,1,311.17,224.47,9.00,29.00,1,-1,-1,-1
63,2,190.98,182.07,8.00,21.00,1,-1,-1,-1
63,3,179.17,183.32,8.00,23.00,1,-1,-1,-1
64,1,311.74,224.43,9.00,29.00,1,-1,-1,-1
64,2,191.26,182.42,8.00,21.00,1,-1,-1,-1
64,3,178.85,184.04,8.00,23.00,1,-1,-1,-1
65,1,311.36,224.28,9.00,29.00,1,-1,-1,-1
65,2,190.47,182.70,8.00,21.00,1,-1,-1,-1
65,3,179.47,183.69,8.00,23.00,1,-1,-1,-1
66,1,311.98,224.05,9.00,29.00,1,-1,-1,-1
66,2,190.57,181.92,8.00,21.00,1,-1,-1,-1
66,3,179.09,183.33,8.00,23.00,1,-1,-1,-1
67,1,311.67,223.74,9.00,29.00,1,-1,-1,-1
67,2,190.59,182.11,8.00,21.00,1,-1,-1,-1
67,3,178.65,183.96,8.00,23.00,1,-1,-1,-1
68,1,311.26,223.33,9.00,29.00,1,-1,-1,-1
68,2,190.48,182.17,8.00,21.00,1,-1,-1,-1
68,3,179.19,183.52,8.00,23.00,1,-1,-1,-1
69,1,311.74,223.94,9.00,29.00,1,-1,-1,-1
69,2,190.22,182.14,8.00,21.00,1,-1,-1,-1
69,3,178.58,182.91,8.00,23.00,1,-1,-1,-1
70,1,311.16,223.52,9.00,29.00,1,-1,-1,-1
70,2,189.80,182.15,8.00,21.00,1,-1,-1,-1
70,3,178.90,183.21,8.00,23.00,1,-1,-1,-1
71,1,311.48,223.11,9.00,29.00,1,-1,-1,-1
71,2,190.19,181.91,8.00,21.00,1,-1,-1,-1
71,3,179.09,183.45,8.00,23.00,1,-1,-1,-1
72,1,311.74,223.64,9.00,29.00,1,-1,-1,-1
72,2,189.54,181.85,8.00,21.00,1,-1,-1,-1
72,3,178.29,183.67,8.00,23.00,1,-1,-1,-1
73,1,310.98,223.34,9.00,29.00,1,-1,-1,-1
73,2,189.66,181.64,8.00,21.00,1,-1,-1,-1
73,3,178.46,182.87,8.00,23.00,1,-1,-1,-1
74,1,311.19,224.14,9.00,29.00,1,-1,-1,-1
74,2,189.66,181.57,8.00,21.00,1,-1,-1,-1
74,3,178.55,183.20,8.00,23.00,1,-1,-1,-1
75,1,311.39,224.04,9.00,29.00,1,-1,-1,-1
75,2,189.43,181.58,8.00,21.00,1,-1,-1,-1
75,3,178.53,183.53,8.00,23.00,1,-1,-1,-1
76,1,311.63,224.09,9.00,29.00,1,-1,-1,-1
76,2,189.13,181.67,8.00,21.00,1,-1,-1,-1
76,3,178.41,182.88,8.00,23.00,1,-1,-1,-1
77,1,311.00,224.43,9.00,29.00,1,-1,-1,-1
77,2,188.47,181.86,8.00,21.00,1,-1,-1,-1
77,3,178.03,183.62,8.00,23.00,1,-1,-1,-1
78,1,311.46,224.80,9.00,29.00,1,-1,-1,-1
78,2,188.67,182.08,8.00,21.00,1,-1,-1,-1
78,3,177.53,183.27,8.00,23.00,1,-1,-1,-1
79,1,312.21,224.46,9.00,29.00,1,-1,-1,-1
79,2,188.78,182.28,8.00,21.00,1,-1,-1,-1
79,3,177.97,183.92,8.00,23.00,1,-1,-1,-1
80,1,312.23,225.17,9.00,29.00,1,-1,-1,-1
80,2,188.79,182.66,8.00,21.00,1,-1,-1,-1
80,3,178.23,183.60,8.00,23.00,1,-1,-1,-1
81,1,312.45,224.93,9.00,29.00,1,-1,-1,-1
81,2,188.76,182.13,8.00,21.00,1,-1,-1,-1
81,3,177.47,183.33,8.00,23.00,1,-1,-1,-1
82,1,312.91,224.69,9.00,29.00,1,-1,-1,-1
82,2,188.64,182.57,8.00,21.00,1,-1,-1,-1
82,3,177.70,184.03,8.00,23.00,1,-1,-1,-1
83,1,312.66,224.54,9.00,29.00,1,-1,-1,-1
83,2,188.56,182.08,8.00,21.00,1,-1,-1,-1
83,3,177.89,183.82,8.00,23.00,1,-1,-1,-1
84,1,312.58,224.37,9.00,29.00,1,-1,-1,-1
84,2,188.41,182.62,8.00,21.00,1,-1,-1,-1
84,3,178.11,183.60,8.00,23.00,1,-1,-1,-1
85,1,312.62,225.22,9.00,29.00,1,-1,-1,-1
85,2,188.16,182.27,8.00,21.00,1,-1,-1,-1
85,3,177.40,183.41,8.00,23.00,1,-1,-1,-1
86,1,312.62,225.03,9.00,29.00,1,-1,-1,-1
86,2,187.78,182.81,8.00,21.00,1,-1,-1,-1
86,3,177.69,184.14,8.00,23.00,1,-1,-1,-1
87,1,312.67,224.76,9.00,29.00,1,-1,-1,-1
87,2,188.17,182.23,8.00,21.00,1,-1,-1,-1
87,3,177.95,183.87,8.00,23.00,1,-1,-1,-1
88,1,312.83,224.42,9.00,29.00,1,-1,-1,-1
88,2,187.46,182.72,8.00,21.00,1,-1,-1,-1
88,3,178.12,183.60,8.00,23.00,1,-1,-1,-1
89,1,313.04,225.05,9.00,29.00,1,-1,-1,-1
89,2,187.73,182.26,8.00,21.00,1,-1,-1,-1
89,3,177.31,183.34,8.00,23.00,1,-1,-1,-1
90,1,313.29,224.69,9.00,29.00,1,-1,-1,-1
90,2,187.90,182.72,8.00,21.00,1,-1,-1,-1
90,3,177.39,184.01,8.00,23.00,1,-1,-1,-1
91,1,313.59,224.32,9.00,29.00,1,-1,-1,-1
91,2,187.95,182.20,8.00,21.00,1,-1,-1,-1
91,3,177.37,183.73,8.00,23.00,1,-1,-1,-1
92,1,312.96,224.90,9.00,29.00,1,-1,-1,-1
92,2,188.02,182.70,8.00,21.00,1,-1,-1,-1
92,3,177.32,183.47,8.00,23.00,1,-1,-1,-1
93,1,313.42,224.53,9.00,29.00,1,-1,-1,-1
93,2,186.93,182.32,8.00,21.00,1,-1,-1,-1
93,3,177.00,184.21,8.00,23.00,1,-1,-1,-1
94,1,313.83,224.25,9.00,29.00,1,-1,-1,-1
94,2,187.64,183.09,8.00,21.00,1,-1,-1,-1
94,3,176.43,184.03,8.00,23.00,1,-1,-1,-1
95,1,313.21,224.97,9.00,29.00,1,-1,-1,-1
95,2,187.10,182.65,8.00,21.00,1,-1,-1,-1
95,3,176.67,183.84,8.00,23.00,1,-1,-1,-1
96,1,313.55,224.78,9.00,29.00,1,-1,-1,-1
96,2,186.43,182.32,8.00,21.00,1,-1,-1,-1
96,3,176.77,183.73,8.00,23.00,1,-1,-1,-1
97,1,312.91,224.57,9.00,29.00,1,-1,-1,-1
97,2,186.59,183.05,8.00,21.00,1,-1,-1,-1
97,3,176.75,183.65,8.00,23.00,1,-1,-1,-1
98,1,313.31,224.36,9.00,29.00,1,-1,-1,-1
98,2,186.61,182.85,8.00,21.00,1,-1,-1,-1
98,3,176.51,183.55,8.00,23.00,1,-1,-1,-1
99,1,313.73,225.13,9.00,29.00,1,-1,-1,-1
99,2,186.44,182.61,8.00,21.00,1,-1,-1,-1
99,3,176.06,183.50,8.00,23.00,1,-1,-1,-1
100,1,313.25,224.85,9.00,29.00,1,-1,-1,-1
100,2,186.14,182.52,8.00,21.00,1,-1,-1,-1
100,3,175.40,184.39,8.00,23.00,1,-1,-1,-1
101,1,313.79,224.58,9.00,29.00,1,-1,-1,-1
101,2,185.63,182.21,8.00,21.00,1,-1,-1,-1
101,3,175.55,184.27,8.00,23.00,1,-1,-1,-1
102,1,313.42,224.28,9.00,29.00,1,-1,-1,-1
102,2,185.92,182.88,8.00,21.00,1,-1,-1,-1
102,3,175.59,184.01,8.00,23.00,1,-1,-1,-1
103,1,314.18,224.63,9.00,29.00,1,-1,-1,-1
103,2,185.90,182.36,8.00,21.00,1,-1,-1,-1
103,3,175.41,183.56,8.00,23.00,1,-1,-1,-1
104,1,314.03,223.76,9.00,29.00,1,-1,-1,-1
104,2,185.78,182.79,8.00,21.00,1,-1,-1,-1
104,3,175.02,182.96,8.00,23.00,1,-1,-1,-1
105,1,313.93,223.66,9.00,29.00,1,-1,-1,-1
105,2,185.43,182.17,8.00,21.00,1,-1,-1,-1
105,3,174.27,183.27,8.00,23.00,1,-1,-1,-1
106,1,313.82,223.41,9.00,29.00,1,-1,-1,-1
106,2,184.80,182.31,8.00,21.00,1,-1,-1,-1
106,3,174.32,183.41,8.00,23.00,1,-1,-1,-1
107,1,313.82,223.86,9.00,29.00,1,-1,-1,-1
107,2,184.99,182.45,8.00,21.00,1,-1,-1,-1
107,3,174.14,183.49,8.00,23.00,1,-1,-1,-1
108,1,313.85,223.22,9.00,29.00,1,-1,-1,-1
108,2,185.00,182.54,8.00,21.00,1,-1,-1,-1
108,3,173.85,183.51,8.00,23.00,1,-1,-1,-1
109,2,184.80,181.73,8.00,21.00,1,-1,-1,-1
109,3,174.16,182.58,8.00,23.00,1,-1,-1,-1
110,2,184.03,181.47,8.00,21.00,1,-1,-1,-1
110,3,173.17,182.55,8.00,23.00,1,-1,-1,-1
111,2,183.13,182.05,8.00,21.00,1,-1,-1,-1
111,3,173.12,182.42,8.00,23.00,1,-1,-1,-1
112,1,313.98,222.41,9.00,29.00,1,-1,-1,-1
112,2,183.01,181.60,8.00,21.00,1,-1,-1,-1
112,3,172.90,183.25,8.00,23.00,1,-1,-1,-1
113,1,314.02,222.83,9.00,29.00,1,-1,-1,-1
113,2,182.72,181.31,8.00,21.00,1,-1,-1,-1
113,3,173.44,183.13,8.00,23.00,1,-1,-1,-1
114,1,314.03,222.20,9.00,29.00,1,-1,-1,-1
114,2,183.06,181.83,8.00,21.00,1,-1,-1,-1
114,3,172.84,182.94,8.00,23.00,1,-1,-1,-1
115,1,313.98,222.55,9.00,29.00,1,-1,-1,-1
115,2,182.21,181.45,8.00,21.00,1,-1,-1,-1
115,3,173.00,182.77,8.00,23.00,1,-1,-1,-1
116,1,313.87,222.04,9.00,29.00,1,-1,-1,-1
116,2,182.19,182.11,8.00,21.00,1,-1,-1,-1
116,3,173.05,182.69,8.00,23.00,1,-1,-1,-1
117,1,313.67,222.63,9.00,29.00,1,-1,-1,-1
117,2,181.96,181.95,8.00,21.00,1,-1,-1,-1
117,3,172.12,182.57,8.00,23.00,1,-1,-1,-1
118,1,313.47,222.42,9.00,29.00,1,-1,-1,-1
118,2,182.48,181.90,8.00,21.00,1,-1,-1,-1
118,3,172.03,182.43,8.00,23.00,1,-1,-1,-1
119,1,314.26,223.40,9.00,29.00,1,-1,-1,-1
119,2,181.83,181.71,8.00,21.00,1,-1,-1,-1
119,3,171.80,183.25,8.00,23.00,1,-1,-1,-1
120,1,314.08,223.52,9.00,29.00,1,-1,-1,-1
120,2,181.99,181.65,8.00,21.00,1,-1,-1,-1
120,3,172.37,183.19,8.00,23.00,1,-1,-1,-1
121,1,313.88,222.86,9.00,29.00,1,-1,-1,-1
121,2,181.99,181.66,8.00,21.00,1,-1,-1,-1
121,3,171.62,183.18,8.00,23.00,1,-1,-1,-1
122,1,313.73,223.31,9.00,29.00,1,-1,-1,-1
122,2,181.77,181.74,8.00,21.00,1,-1,-1,-1
122,3,171.73,183.15,8.00,23.00,1,-1,-1,-1
123,1,313.77,223.86,9.00,29.00,1,-1,-1,-1
123,2,181.45,181.94,8.00,21.00,1,-1,-1,-1
123,3,171.66,183.21,8.00,23.00,1,-1,-1,-1
124,1,313.88,223.58,9.00,29.00,1,-1,-1,-1
124,2,181.12,182.16,8.00,21.00,1,-1,-1,-1
124,3,171.42,183.37,8.00,23.00,1,-1,-1,-1
125,1,314.11,223.39,9.00,29.00,1,-1,-1,-1
125,2,180.58,182.31,8.00,21.00,1,-1,-1,-1
125,3,171.00,183.66,8.00,23.00,1,-1,-1,-1
126,1,314.37,224.16,9.00,29.00,1,-1,-1,-1
126,2,180.83,182.54,8.00,21.00,1,-1,-1,-1
126,3,171.44,183.05,8.00,23.00,1,-1,-1,-1
127,1,314.66,224.02,9.00,29.00,1,-1,-1,-1
127,2,180.80,182.03,8.00,21.00,1,-1,-1,-1
127,3,170.42,183.54,8.00,23.00,1,-1,-1,-1
128,1,313.99,223.88,9.00,29.00,1,-1,-1,-1
128,2,180.79,182.45,8.00,21.00,1,-1,-1,-1
128,3,170.29,183.30,8.00,23.00,1,-1,-1,-1
129,1,314.30,223.77,9.00,29.00,1,-1,-1,-1
129,2,180.58,182.85,8.00,21.00,1,-1,-1,-1
129,3,170.00,184.00,8.00,23.00,1,-1,-1,-1
130,1,314.64,223.64,9.00,29.00,1,-1,-1,-1
130,2,180.31,182.38,8.00,21.00,1,-1,-1,-1
130,3,169.46,183.81,8.00,23.00,1,-1,-1,-1
131,1,313.99,223.50,9.00,29.00,1,-1,-1,-1
131,2,179.97,183.06,8.00,21.00,1,-1,-1,-1
131,3,169.69,183.70,8.00,23.00,1,-1,-1,-1
132,1,314.30,223.40,9.00,29.00,1,-1,-1,-1
132,2,180.30,182.71,8.00,21.00,1,-1,-1,-1
132,3,169.90,183.57,8.00,23.00,1,-1,-1,-1
133,1,314.56,224.29,9.00,29.00,1,-1,-1,-1
133,2,179.54,182.34,8.00,21.00,1,-1,-1,-1
133,3,169.98,183.44,8.00,23.00,1,-1,-1,-1
134,1,313.74,224.25,9.00,29.00,1,-1,-1,-1
134,2,179.63,183.00,8.00,21.00,1,-1,-1,-1
134,3,169.90,184.33,8.00,23.00,1,-1,-1,-1
135,1,313.84,224.34,9.00,29.00,1,-1,-1,-1
135,2,179.48,182.85,8.00,21.00,1,-1,-1,-1
135,3,169.56,184.26,8.00,23.00,1,-1,-1,-1
136,1,313.81,224.46,9.00,29.00,1,-1,-1,-1
136,2,179.08,182.95,8.00,21.00,1,-1,-1,-1
136,3,169.02,184.14,8.00,23.00,1,-1,-1,-1
137,1,313.68,224.60,9.00,29.00,1,-1,-1,-1
137,2,178.48,182.92,8.00,21.00,1,-1,-1,-1
137,3,168.33,184.04,8.00,23.00,1,-1,-1,-1
138,1,313.40,223.76,9.00,29.00,1,-1,-1,-1
138,2,178.64,182.88,8.00,21.00,1,-1,-1,-1
138,3,168.52,183.90,8.00,23.00,1,-1,-1,-1
139,1,314.01,223.88,9.00,29.00,1,-1,-1,-1
139,2,178.55,183.05,8.00,21.00,1,-1,-1,-1
139,3,168.53,183.74,8.00,23.00,1,-1,-1,-1
140,1,313.57,223.98,9.00,29.00,1,-1,-1,-1
140,2,178.32,183.24,8.00,21.00,1,-1,-1,-1
140,3,168.50,183.70,8.00,23.00,1,-1,-1,-1
141,1,313.01,224.07,9.00,29.00,1,-1,-1,-1
141,2,177.81,183.36,8.00,21.00,1,-1,-1,-1
141,3,168.25,183.58,8.00,23.00,1,-1,-1,-1
142,1,313.26,224.07,9.00,29.00,1,-1,-1,-1
142,2,178.02,183.52,8.00,21.00,1,-1,-1,-1
142,3,167.79,183.45,8.00,23.00,1,-1,-1,-1
143,1,313.37,224.02,9.00,29.00,1,-1,-1,-1
143,2,176.79,182.89,8.00,21.00,1,-1,-1,-1
143,3,167.93,184.32,8.00,23.00,1,-1,-1,-1
144,1,313.35,223.88,9.00,29.00,1,-1,-1,-1
144,2,177.27,183.00,8.00,21.00,1,-1,-1,-1
144,3,167.98,184.24,8.00,23.00,1,-1,-1,-1
145,1,313.23,223.76,9.00,29.00,1,-1,-1,-1
145,2,176.58,183.06,8.00,21.00,1,-1,-1,-1
145,3,167.94,184.17,8.00,23.00,1,-1,-1,-1
146,1,312.93,223.58,9.00,29.00,1,-1,-1,-1
146,2,176.67,183.10,8.00,21.00,1,-1,-1,-1
146,3,167.78,184.01,8.00,23.00,1,-1,-1,-1
147,1,312.46,223.36,9.00,29.00,1,-1,-1,-1
147,2,176.45,183.26,8.00,21.00,1,-1,-1,-1
147,3,167.52,183.93,8.00,23.00,1,-1,-1,-1
148,1,312.79,224.09,9.00,29.00,1,-1,-1,-1
148,2,175.94,183.22,8.00,21.00,1,-1,-1,-1
148,3,167.16,183.82,8.00,23.00,1,-1,-1,-1
149,1,311.94,223.84,9.00,29.00,1,-1,-1,-1
149,2,176.14,183.31,8.00,21.00,1,-1,-1,-1
149,3,166.59,183.63,8.00,23.00,1,-1,-1,-1
150,1,311.99,223.66,9.00,29.00,1,-1,-1,-1
150,2,175.16,183.32,8.00,21.00,1,-1,-1,-1
150,3,166.90,183.39,8.00,23.00,1,-1,-1,-1
151,1,311.96,223.62,9.00,29.00,1,-1,-1,-1
151,2,174.94,183.46,8.00,21.00,1,-1,-1,-1
151,3,167.11,184.13,8.00,23.00,1,-1,-1,-1
152,1,311.88,223.71,9.00,29.00,1,-1,-1,-1
152,2,175.47,183.57,8.00,21.00,1,-1,-1,-1
152,3,166.25,183.89,8.00,23.00,1,-1,-1,-1
153,1,311.76,223.95,9.00,29.00,1,-1,-1,-1
153,2,174.70,182.48,8.00,21.00,1,-1,-1,-1
153,3,166.15,183.60,8.00,23.00,1,-1,-1,-1
154,1,311.64,224.32,9.00,29.00,1,-1,-1,-1
154,2,174.66,183.51,8.00,21.00,1,-1,-1,-1
154,3,165.91,183.36,8.00,23.00,1,-1,-1,-1
155,1,311.54,224.83,9.00,29.00,1,-1,-1,-1
155,2,174.44,182.68,8.00,21.00,1,-1,-1,-1
155,3,166.48,184.13,8.00,23.00,1,-1,-1,-1
156,1,311.50,224.45,9.00,29.00,1,-1,-1,-1
156,2,173.96,182.87,8.00,21.00,1,-1,-1,-1
156,3,165.88,183.81,8.00,23.00,1,-1,-1,-1
157,1,311.56,225.13,9.00,29.00,1,-1,-1,-1
157,2,174.21,182.91,8.00,21.00,1,-1,-1,-1
157,3,166.04,183.55,8.00,23.00,1,-1,-1,-1
158,1,311.71,224.80,9.00,29.00,1,-1,-1,-1
158,2,173.38,182.96,8.00,21.00,1,-1,-1,-1
158,3,165.10,183.41,8.00,23.00,1,-1,-1,-1
159,1,311.98,224.46,9.00,29.00,1,-1,-1,-1
159,2,173.40,182.96,8.00,21.00,1,-1,-1,-1
159,3,165.02,184.17,8.00,23.00,1,-1,-1,-1
160,1,312.55,225.21,9.00,29.00,1,-1,-1,-1
160,2,173.03,183.30,8.00,21.00,1,-1,-1,-1
160,3,164.59,184.15,8.00,23.00,1,-1,-1,-1
161,1,312.21,224.92,9.00,29.00,1,-1,-1,-1
161,2,172.42,183.66,8.00,21.00,1,-1,-1,-1
161,3,164.91,184.09,8.00,23.00,1,-1,-1,-1
162,1,312.91,224.61,9.00,29.00,1,-1,-1,-1
162,2,172.67,183.02,8.00,21.00,1,-1,-1,-1
162,3,165.12,184.06,8.00,23.00,1,-1,-1,-1
163,1,312.70,224.30,9.00,29.00,1,-1,-1,-1
163,2,172.84,183.37,8.00,21.00,1,-1,-1,-1
163,3,164.23,184.09,8.00,23.00,1,-1,-1,-1
164,1,312.52,224.90,9.00,29.00,1,-1,-1,-1
164,2,172.91,183.71,8.00,21.00,1,-1,-1,-1
164,3,164.16,184.16,8.00,23.00,1,-1,-1,-1
165,1,312.39,224.47,9.00,29.00,1,-1,-1,-1
165,2,172.94,183.00,8.00,21.00,1,-1,-1,-1
165,3,163.95,184.21,8.00,23.00,1,-1,-1,-1
166,1,313.33,224.91,9.00,29.00,1,-1,-1,-1
166,2,172.91,183.29,8.00,21.00,1,-1,-1,-1
166,3,164.56,184.24,8.00,23.00,1,-1,-1,-1
167,1,313.33,224.34,9.00,29.00,1,-1,-1,-1
167,2,172.79,183.66,8.00,21.00,1,-1,-1,-1
167,3,164.07,184.27,8.00,23.00,1,-1,-1,-1
168,1,313.32,224.67,9.00,29.00,1,-1,-1,-1
168,2,172.60,183.02,8.00,21.00,1,-1,-1,-1
168,3,163.45,184.15,8.00,23.00,1,-1,-1,-1
169,1,313.33,224.16,9.00,29.00,1,-1,-1,-1
169,2,172.25,183.46,8.00,21.00,1,-1,-1,-1
169,3,163.61,184.08,8.00,23.00,1,-1,-1,-1
170,1,313.34,224.67,9.00,29.00,1,-1,-1,-1
170,2,171.73,183.81,8.00,21.00,1,-1,-1,-1
170,3,163.64,184.10,8.00,23.00,1,-1,-1,-1
171,1,313.32,224.37,9.00,29.00,1,-1,-1,-1
171,2,172.06,183.13,8.00,21.00,1,-1,-1,-1
171,3,163.49,184.14,8.00,23.00,1,-1,-1,-1
172,1,313.30,225.08,9.00,29.00,1,-1,-1,-1
172,2,171.29,183.51,8.00,21.00,1,-1,-1,-1
172,3,163.15,184.20,8.00,23.00,1,-1,-1,-1
173,1,313.32,224.82,9.00,29.00,1,-1,-1,-1
173,2,171.40,182.92,8.00,21.00,1,-1,-1,-1
173,3,162.63,184.21,8.00,23.00,1,-1,-1,-1
174,1,313.38,224.57,9.00,29.00,1,-1,-1,-1
174,2,171.39,183.23,8.00,21.00,1,-1,-1,-1
174,3,162.83,184.26,8.00,23.00,1,-1,-1,-1
175,1,313.51,224.28,9.00,29.00,1,-1,-1,-1
175,2,171.21,183.62,8.00,21.00,1,-1,-1,-1
175,3,162.89,184.37,8.00,23.00,1,-1,-1,-1
176,1,312.72,224.96,9.00,29.00,1,-1,-1,-1
176,2,170.93,183.19,8.00,21.00,1,-1,-1,-1
176,3,162.84,184.50,8.00,23.00,1,-1,-1,-1
177,1,313.13,224.50,9.00,29.00,1,-1,-1,-1
177,2,171.31,183.78,8.00,21.00,1,-1,-1,-1
177,3,162.54,183.78,8.00,23.00,1,-1,-1,-1
178,1,313.82,223.89,9.00,29.00,1,-1,-1,-1
178,2,170.42,183.57,8.00,21.00,1,-1,-1,-1
178,3,162.00,183.83,8.00,23.00,1,-1,-1,-1
179,1,313.55,224.21,9.00,29.00,1,-1,-1,-1
179,2,170.39,183.39,8.00,21.00,1,-1,-1,-1
179,3,161.41,183.93,8.00,23.00,1,-1,-1,-1
180,1,313.34,224.43,9.00,29.00,1,-1,-1,-1
180,2,170.16,184.25,8.00,21.00,1,-1,-1,-1
180,3,161.72,184.03,8.00,23.00,1,-1,-1,-1
181,1,314.10,224.50,9.00,29.00,1,-1,-1,-1
181,2,169.74,184.12,8.00,21.00,1,-1,-1,-1
181,3,161.88,184.16,8.00,23.00,1,-1,-1,-1
182,1,313.89,223.49,9.00,29.00,1,-1,-1,-1
182,2,170.13,183.80,8.00,21.00,1,-1,-1,-1
182,3,161.97,184.26,8.00,23.00,1,-1,-1,-1
183,1,313.66,224.25,9.00,29.00,1,-1,-1,-1
183,2,169.33,183.64,8.00,21.00,1,-1,-1,-1
183,3,161.97,184.33,8.00,23.00,1,-1,-1,-1
184,1,313.45,223.76,9.00,29.00,1,-1,-1,-1
184,2,169.32,183.53,8.00,21.00,1,-1,-1,-1
184,3,161.88,184.44,8.00,23.00,1,-1,-1,-1
185,1,314.21,223.36,9.00,29.00,1,-1,-1,-1
185,2,169.12,183.42,8.00,21.00,1,-1,-1,-1
185,3,161.65,184.45,8.00,23.00,1,-1,-1,-1
186,1,313.96,223.93,9.00,29.00,1,-1,-1,-1
186,2,168.71,184.34,8.00,21.00,1,-1,-1,-1
186,3,161.28,184.52,8.00,23.00,1,-1,-1,-1
187,1,313.71,223.56,9.00,29.00,1,-1,-1,-1
187,2,168.95,184.28,8.00,21.00,1,-1,-1,-1
187,3,160.75,183.57,8.00,23.00,1,-1,-1,-1
188,1,313.43,223.20,9.00,29.00,1,-1,-1,-1
188,2,168.95,184.21,8.00,21.00,1,-1,-1,-1
188,3,160.93,183.69,8.00,23.00,1,-1,-1,-1
189,1,314.00,223.86,9.00,29.00,1,-1,-1,-1
189,2,168.83,184.13,8.00,21.00,1,-1,-1,-1
190,1,313.56,223.63,9.00,29.00,1,-1,-1,-1
190,2,168.45,184.28,8.00,21.00,1,-1,-1,-1
191,1,313.13,223.57,9.00,29.00,1,-1,-1,-1
191,2,167.74,184.26,8.00,21.00,1,-1,-1,-1
192,1,313.65,223.62,9.00,29.00,1,-1,-1,-1
192,2,167.83,184.27,8.00,21.00,1,-1,-1,-1
193,1,313.17,223.84,9.00,29.00,1,-1,-1,-1
193,2,167.58,184.48,8.00,21.00,1,-1,-1,-1
193,3,159.51,184.84,8.00,23.00,1,-1,-1,-1
194,1,313.79,224.19,9.00,29.00,1,-1,-1,-1
194,2,166.88,184.40,8.00,21.00,1,-1,-1,-1
194,3,159.21,184.17,8.00,23.00,1,-1,-1,-1
195,1,313.48,224.61,9.00,29.00,1,-1,-1,-1
195,2,167.00,184.43,8.00,21.00,1,-1,-1,-1
195,3,158.72,184.64,8.00,23.00,1,-1,-1,-1
196,1,314.16,224.05,9.00,29.00,1,-1,-1,-1
196,2,166.98,184.63,8.00,21.00,1,-1,-1,-1
196,3,158.89,184.26,8.00,23.00,1,-1,-1,-1
197,1,313.98,224.49,9.00,29.00,1,-1,-1,-1
197,2,166.73,184.07,8.00,21.00,1,-1,-1,-1
197,3,158.83,184.82,8.00,23.00,1,-1,-1,-1
198,1,313.92,224.89,9.00,29.00,1,-1,-1,-1
198,2,166.17,184.15,8.00,21.00,1,-1,-1,-1
198,3,158.55,184.34,8.00,23.00,1,-1,-1,-1
199,1,313.93,224.25,9.00,29.00,1,-1,-1,-1
199,2,165.42,184.32,8.00,21.00,1,-1,-1,-1
199,3,157.93,184.89,8.00,23.00,1,-1,-1,-1
200,1,314.00,224.54,9.00,29.00,1,-1,-1,-1
200,2,165.44,184.61,8.00,21.00,1,-1,-1,-1
200,3,158.03,184.52,8.00,23.00,1,-1,-1,-1
201,1,314.07,223.83,9.00,29.00,1,-1,-1,-1
201,2,165.24,184.14,8.00,21.00,1,-1,-1,-1
201,3,156.93,184.16,8.00,23.00,1,-1,-1,-1
202,1,314.17,224.03,9.00,29.00,1,-1,-1,-1
202,2,164.81,184.45,8.00,21.00,1,-1,-1,-1
202,3,157.47,184.82,8.00,23.00,1,-1,-1,-1
203,1,314.22,224.12,9.00,29.00,1,-1,-1,-1
203,2,165.11,184.73,8.00,21.00,1,-1,-1,-1
203,3,156.63,184.53,8.00,23.00,1,-1,-1,-1
204,1,314.24,224.17,9.00,29.00,1,-1,-1,-1
204,2,164.26,184.02,8.00,21.00,1,-1,-1,-1
204,3,156.57,184.26,8.00,23.00,1,-1,-1,-1
205,1,314.21,224.15,9.00,29.00,1,-1,-1,-1
205,2,164.20,184.33,8.00,21.00,1,-1,-1,-1
205,3,156.26,184.96,8.00,23.00,1,-1,-1,-1
206,1,314.15,224.08,9.00,29.00,1,-1,-1,-1
206,2,164.00,184.69,8.00,21.00,1,-1,-1,-1
206,3,155.61,184.74,8.00,23.00,1,-1,-1,-1
207,1,314.05,223.94,9.00,29.00,1,-1,-1,-1
207,2,164.43,183.93,8.00,21.00,1,-1,-1,-1
207,3,155.61,184.51,8.00,23.00,1,-1,-1,-1
208,1,313.93,223.77,9.00,29.00,1,-1,-1,-1
208,2,163.76,184.14,8.00,21.00,1,-1,-1,-1
208,3,155.47,184.26,8.00,23.00,1,-1,-1,-1
209,1,313.76,223.66,9.00,29.00,1,-1,-1,-1
209,2,163.93,184.45,8.00,21.00,1,-1,-1,-1
209,3,155.12,185.03,8.00,23.00,1,-1,-1,-1
210,1,313.32,223.72,9.00,29.00,1,-1,-1,-1
210,2,163.61,184.98,8.00,21.00,1,-1,-1,-1
210,3,154.13,184.98,8.00,23.00,1,-1,-1,-1
211,1,313.68,223.79,9.00,29.00,1,-1,-1,-1
211,2,162.92,184.46,8.00,21.00,1,-1,-1,-1
211,3,153.91,184.88,8.00,23.00,1,-1,-1,-1
212,1,313.01,224.03,9.00,29.00,1,-1,-1,-1
212,2,163.05,184.87,8.00,21.00,1,-1,-1,-1
212,3,154.36,184.82,8.00,23.00,1,-1,-1,-1
213,1,313.28,224.46,9.00,29.00,1,-1,-1,-1
213,2,162.01,184.47,8.00,21.00,1,-1,-1,-1
213,3,153.64,184.80,8.00,23.00,1,-1,-1,-1
214,1,313.46,225.05,9.00,29.00,1,-1,-1,-1
214,2,161.66,184.96,8.00,21.00,1,-1,-1,-1
214,3,153.65,184.74,8.00,23.00,1,-1,-1,-1
215,1,313.60,224.70,9.00,29.00,1,-1,-1,-1
215,2,162.09,184.65,8.00,21.00,1,-1,-1,-1
215,3,153.55,184.71,8.00,23.00,1,-1,-1,-1
216,1,312.70,224.38,9.00,29.00,1,-1,-1,-1
216,2,161.23,184.32,8.00,21.00,1,-1,-1,-1
216,3,153.22,184.67,8.00,23.00,1,-1,-1,-1
217,1,312.81,225.15,9.00,29.00,1,-1,-1,-1
217,2,161.03,184.98,8.00,21.00,1,-1,-1,-1
217,3,152.52,184.66,8.00,23.00,1,-1,-1,-1
218,1,312.96,224.97,9.00,29.00,1,-1,-1,-1
218,2,160.78,184.78,8.00,21.00,1,-1,-1,-1
218,3,152.61,184.71,8.00,23.00,1,-1,-1,-1
219,1,313.20,224.94,9.00,29.00,1,-1,-1,-1
219,2,161.14,184.74,8.00,21.00,1,-1,-1,-1
220,1,313.55,225.06,9.00,29.00,1,-1,-1,-1
220,2,160.36,184.70,8.00,21.00,1,-1,-1,-1
221,1,312.99,225.27,9.00,29.00,1,-1,-1,-1
221,2,160.38,184.63,8.00,21.00,1,-1,-1,-1
222,1,313.49,225.61,9.00,29.00,1,-1,-1,-1
222,2,160.21,184.58,8.00,21.00,1,-1,-1,-1
222,3,151.63,184.96,8.00,23.00,1,-1,-1,-1
223,1,313.95,224.87,9.00,29.00,1,-1,-1,-1
223,2,159.74,184.69,8.00,21.00,1,-1,-1,-1
223,3,151.56,185.16,8.00,23.00,1,-1,-1,-1
224,1,313.35,224.98,9.00,29.00,1,-1,-1,-1
224,2,160.05,184.68,8.00,21.00,1,-1,-1,-1
224,3,151.31,185.26,8.00,23.00,1,-1,-1,-1
225,1,313.68,224.96,9.00,29.00,1,-1,-1,-1
225,2,159.19,184.73,8.00,21.00,1,-1,-1,-1
225,3,150.81,185.53,8.00,23.00,1,-1,-1,-1
226,1,312.96,224.80,9.00,29.00,1,-1,-1,-1
226,2,159.13,184.84,8.00,21.00,1,-1,-1,-1
226,3,151.05,184.99,8.00,23.00,1,-1,-1,-1
227,1,313.09,224.59,9.00,29.00,1,-1,-1,-1
227,2,158.50,184.90,8.00,21.00,1,-1,-1,-1
227,3,149.92,185.41,8.00,23.00,1,-1,-1,-1
228,1,313.16,224.42,9.00,29.00,1,-1,-1,-1
228,2,158.61,184.98,8.00,21.00,1,-1,-1,-1
228,3,150.59,185.85,8.00,23.00,1,-1,-1,-1
229,1,313.13,225.24,9.00,29.00,1,-1,-1,-1
229,2,158.52,185.12,8.00,21.00,1,-1,-1,-1
229,3,149.93,185.29,8.00,23.00,1,-1,-1,-1
230,1,313.00,225.18,9.00,29.00,1,-1,-1,-1
230,2,158.25,185.27,8.00,21.00,1,-1,-1,-1
230,3,149.94,185.83,8.00,23.00,1,-1,-1,-1
231,1,312.76,225.20,9.00,29.00,1,-1,-1,-1
231,2,157.67,185.23,8.00,21.00,1,-1,-1,-1
231,3,149.73,185.38,8.00,23.00,1,-1,-1,-1
232,1,312.48,225.34,9.00,29.00,1,-1,-1,-1
232,2,157.77,185.28,8.00,21.00,1,-1,-1,-1
232,3,149.48,185.84,8.00,23.00,1,-1,-1,-1
233,1,313.12,225.63,9.00,29.00,1,-1,-1,-1
233,2,157.66,185.43,8.00,21.00,1,-1,-1,-1
233,3,148.86,185.33,8.00,23.00,1,-1,-1,-1
234,1,312.72,225.05,9.00,29.00,1,-1,-1,-1
234,2,157.31,185.52,8.00,21.00,1,-1,-1,-1
234,3,148.98,185.73,8.00,23.00,1,-1,-1,-1
235,1,312.26,225.60,9.00,29.00,1,-1,-1,-1
235,2,156.62,184.58,8.00,21.00,1,-1,-1,-1
235,3,148.87,185.04,8.00,23.00,1,-1,-1,-1
236,1,312.75,225.27,9.00,29.00,1,-1,-1,-1
236,2,156.77,184.74,8.00,21.00,1,-1,-1,-1
236,3,148.50,185.32,8.00,23.00,1,-1,-1,-1
237,1,312.29,225.98,9.00,29.00,1,-1,-1,-1
237,2,156.85,184.96,8.00,21.00,1,-1,-1,-1
237,3,147.82,185.74,8.00,23.00,1,-1,-1,-1
238,1,312.81,225.83,9.00,29.00,1,-1,-1,-1
238,2,156.79,185.22,8.00,21.00,1,-1,-1,-1
238,3,147.89,185.29,8.00,23.00,1,-1,-1,-1
239,1,312.38,225.78,9.00,29.00,1,-1,-1,-1
239,2,156.58,185.55,8.00,21.00,1,-1,-1,-1
239,3,147.71,185.90,8.00,23.00,1,-1,-1,-1
240,1,312.93,225.79,9.00,29.00,1,-1,-1,-1
240,2,156.33,184.92,8.00,21.00,1,-1,-1,-1
240,3,147.36,185.50,8.00,23.00,1,-1,-1,-1
241,1,312.52,225.85,9.00,29.00,1,-1,-1,-1
241,2,156.08,185.34,8.00,21.00,1,-1,-1,-1
241,3,146.80,186.20,8.00,23.00,1,-1,-1,-1
242,1,311.98,225.89,9.00,29.00,1,-1,-1,-1
242,2,155.92,185.92,8.00,21.00,1,-1,-1,-1
242,3,147.13,186.08,8.00,23.00,1,-1,-1,-1
243,1,312.27,225.83,9.00,29.00,1,-1,-1,-1
243,2,156.43,185.57,8.00,21.00,1,-1,-1,-1
243,3,146.23,185.85,8.00,23.00,1,-1,-1,-1
244,1,312.43,225.73,9.00,29.00,1,-1,-1,-1
244,2,155.81,185.15,8.00,21.00,1,-1,-1,-1
244,3,146.17,185.64,8.00,23.00,1,-1,-1,-1
245,1,312.43,225.54,9.00,29.00,1,-1,-1,-1
245,2,156.05,185.71,8.00,21.00,1,-1,-1,-1
245,3,146.06,185.41,8.00,23.00,1,-1,-1,-1
246,1,312.28,225.28,9.00,29.00,1,-1,-1,-1
246,2,155.18,185.32,8.00,21.00,1,-1,-1,-1
246,3,145.89,186.09,8.00,23.00,1,-1,-1,-1
247,1,311.97,225.90,9.00,29.00,1,-1,-1,-1
247,2,155.19,185.92,8.00,21.00,1,-1,-1,-1
247,3,146.58,185.85,8.00,23.00,1,-1,-1,-1
248,1,311.41,225.65,9.00,29.00,1,-1,-1,-1
248,2,155.01,185.72,8.00,21.00,1,-1,-1,-1
248,3,145.96,185.79,8.00,23.00,1,-1,-1,-1
249,1,311.56,225.44,9.00,29.00,1,-1,-1,-1
249,2,154.67,185.77,8.00,21.00,1,-1,-1,-1
249,3,146.07,185.66,8.00,23.00,1,-1,-1,-1
250,1,310.52,226.16,9.00,29.00,1,-1,-1,-1
250,2,155.10,185.66,8.00,21.00,1,-1,-1,-1
250,3,145.18,185.50,8.00,23.00,1,-1,-1,-1
251,1,310.24,226.01,9.00,29.00,1,-1,-1,-1
251,2,154.36,185.53,8.00,21.00,1,-1,-1,-1
251,3,145.02,186.30,8.00,23.00,1,-1,-1,-1
252,1,310.69,225.86,9.00,29.00,1,-1,-1,-1
252,2,154.38,185.53,8.00,21.00,1,-1,-1,-1
252,3,144.71,186.12,8.00,23.00,1,-1,-1,-1
253,1,309.99,225.70,9.00,29.00,1,-1,-1,-1
253,2,154.26,185.63,8.00,21.00,1,-1,-1,-1
253,3,145.17,186.07,8.00,23.00,1,-1,-1,-1
254,1,310.06,225.52,9.00,29.00,1,-1,-1,-1
254,2,154.00,185.74,8.00,21.00,1,-1,-1,-1
254,3,144.51,185.95,8.00,23.00,1,-1,-1,-1
255,1,309.90,225.31,9.00,29.00,1,-1,-1,-1
255,2,153.53,185.93,8.00,21.00,1,-1,-1,-1
255,3,144.67,185.85,8.00,23.00,1,-1,-1,-1
256,1,309.59,226.06,9.00,29.00,1,-1,-1,-1
256,2,153.85,185.96,8.00,21.00,1,-1,-1,-1
256,3,144.66,185.73,8.00,23.00,1,-1,-1,-1
257,1,309.08,225.78,9.00,29.00,1,-1,-1,-1
257,2,153.95,186.14,8.00,21.00,1,-1,-1,-1
257,3,144.56,185.62,8.00,23.00,1,-1,-1,-1
258,1,309.32,225.36,9.00,29.00,1,-1,-1,-1
258,2,153.87,186.33,8.00,21.00,1,-1,-1,-1
258,3,144.28,185.42,8.00,23.00,1,-1,-1,-1
259,1,309.37,225.74,9.00,29.00,1,-1,-1,-1
259,2,153.64,186.49,8.00,21.00,1,-1,-1,-1
259,3,143.88,186.19,8.00,23.00,1,-1,-1,-1
260,1,308.96,225.02,9.00,29.00,1,-1,-1,-1
260,2,152.91,186.59,8.00,21.00,1,-1,-1,-1
260,3,144.07,186.04,8.00,23.00,1,-1,-1,-1
261,1,308.36,225.29,9.00,29.00,1,-1,-1,-1
261,2,153.11,185.62,8.00,21.00,1,-1,-1,-1
261,3,143.27,185.86,8.00,23.00,1,-1,-1,-1
262,1,308.55,225.51,9.00,29.00,1,-1,-1,-1
262,2,152.18,185.65,8.00,21.00,1,-1,-1,-1
262,3,143.33,185.69,8.00,23.00,1,-1,-1,-1
263,1,307.57,224.73,9.00,29.00,1,-1,-1,-1
263,2,152.08,185.72,8.00,21.00,1,-1,-1,-1
263,3,143.31,185.52,8.00,23.00,1,-1,-1,-1
264,1,307.43,224.99,9.00,29.00,1,-1,-1,-1
264,2,151.90,185.83,8.00,21.00,1,-1,-1,-1
264,3,143.23,185.31,8.00,23.00,1,-1,-1,-1
265,1,308.12,225.29,9.00,29.00,1,-1,-1,-1
265,2,152.54,185.84,8.00,21.00,1,-1,-1,-1
265,3,143.07,186.03,8.00,23.00,1,-1,-1,-1
266,1,307.72,225.59,9.00,29.00,1,-1,-1,-1
266,2,152.09,185.90,8.00,21.00,1,-1,-1,-1
266,3,142.86,185.81,8.00,23.00,1,-1,-1,-1
267,1,307.16,224.85,9.00,29.00,1,-1,-1,-1
267,2,151.51,185.85,8.00,21.00,1,-1,-1,-1
267,3,143.55,185.53,8.00,23.00,1,-1,-1,-1
268,1,307.48,225.15,9.00,29.00,1,-1,-1,-1
268,2,151.74,185.76,8.00,21.00,1,-1,-1,-1
268,3,143.17,185.24,8.00,23.00,1,-1,-1,-1
269,1,307.69,225.49,9.00,29.00,1,-1,-1,-1
269,2,151.90,185.57,8.00,21.00,1,-1,-1,-1
269,3,142.58,185.97,8.00,23.00,1,-1,-1,-1
270,1,306.87,225.85,9.00,29.00,1,-1,-1,-1
270,2,151.96,185.33,8.00,21.00,1,-1,-1,-1
270,3,142.93,185.62,8.00,23.00,1,-1,-1,-1
271,1,307.00,225.30,9.00,29.00,1,-1,-1,-1
271,2,151.96,185.96,8.00,21.00,1,-1,-1,-1
271,3,143.20,185.25,8.00,23.00,1,-1,-1,-1
272,1,307.10,225.84,9.00,29.00,1,-1,-1,-1
272,2,151.97,185.68,8.00,21.00,1,-1,-1,-1
272,3,142.46,185.87,8.00,23.00,1,-1,-1,-1
272,4,630.36,355.11,8.00,48.00,1,-1,-1,-1
273,1,307.19,225.51,9.00,29.00,1,-1,-1,-1
273,2,151.98,185.43,8.00,21.00,1,-1,-1,-1
273,3,142.63,185.55,8.00,23.00,1,-1,-1,-1
273,4,630.15,355.03,8.00,48.00,1,-1,-1,-1
