1,1,446.62,124.07,25.00,37.00,1,-1,-1,-1
1,2,495.09,96.07,20.59,39.22,1,-1,-1,-1
2,1,445.80,124.17,25.00,37.00,1,-1,-1,-1
2,2,494.62,95.65,21.00,40.00,1,-1,-1,-1
3,1,445.36,123.60,25.00,37.00,1,-1,-1,-1
3,2,494.13,95.56,20.59,39.22,1,-1,-1,-1
4,1,444.86,121.93,25.00,37.00,1,-1,-1,-1
4,2,493.86,93.86,20.59,39.22,1,-1,-1,-1
5,1,444.22,121.70,25.00,37.00,1,-1,-1,-1
5,2,493.50,93.81,20.18,38.45,1,-1,-1,-1
6,1,443.81,120.62,25.00,37.00,1,-1,-1,-1
6,2,492.86,91.81,19.79,37.69,1,-1,-1,-1
7,1,443.06,120.14,25.00,37.00,1,-1,-1,-1
7,2,492.93,91.75,19.40,36.95,1,-1,-1,-1
8,1,442.49,120.10,25.00,37.00,1,-1,-1,-1
8,2,492.62,91.04,19.02,36.23,1,-1,-1,-1
9,1,442.20,120.14,25.00,37.00,1,-1,-1,-1
9,2,491.41,90.46,19.02,36.23,1,-1,-1,-1
10,1,441.18,120.67,25.00,37.00,1,-1,-1,-1
10,2,491.82,90.78,19.02,36.23,1,-1,-1,-1
11,1,440.57,120.98,25.00,37.00,1,-1,-1,-1
11,2,490.92,91.47,19.02,36.23,1,-1,-1,-1
12,1,439.05,121.43,25.00,37.00,1,-1,-1,-1
12,2,490.43,90.47,19.79,37.69,1,-1,-1,-1
13,1,438.91,122.98,24.51,36.27,1,-1,-1,-1
13,2,490.05,90.89,19.40,36.95,1,-1,-1,-1
14,1,437.81,122.66,24.51,36.27,1,-1,-1,-1
14,2,489.90,90.56,19.79,37.69,1,-1,-1,-1
15,1,436.42,123.64,24.51,36.27,1,-1,-1,-1
15,2,489.52,90.86,19.79,37.69,1,-1,-1,-1
16,1,435.63,124.23,25.00,37.00,1,-1,-1,-1
16,2,489.14,91.49,19.40,36.95,1,-1,-1,-1
17,1,434.97,125.21,25.00,37.00,1,-1,-1,-1
17,2,489.15,91.56,19.40,36.95,1,-1,-1,-1
18,1,434.78,125.45,25.00,37.00,1,-1,-1,-1
18,2,488.90,90.24,19.40,36.95,1,-1,-1,-1
19,1,434.18,125.89,25.00,37.00,1,-1,-1,-1
19,2,488.54,90.70,19.40,36.95,1,-1,-1,-1
20,1,433.92,125.96,25.00,37.00,1,-1,-1,-1
20,2,487.70,90.73,19.40,36.95,1,-1,-1,-1
21,1,433.07,126.41,25.00,37.00,1,-1,-1,-1
21,2,487.63,91.26,19.02,36.23,1,-1,-1,-1
22,1,432.77,126.80,25.00,37.00,1,-1,-1,-1
22,2,487.43,91.32,19.02,36.23,1,-1,-1,-1
23,1,432.34,127.21,24.51,36.27,1,-1,-1,-1
23,2,487.70,91.82,19.02,36.23,1,-1,-1,-1
24,1,431.53,126.63,25.00,37.00,1,-1,-1,-1
24,2,487.28,92.24,19.02,36.23,1,-1,-1,-1
25,1,430.81,127.01,25.00,37.00,1,-1,-1,-1
25,2,487.40,92.12,19.02,36.23,1,-1,-1,-1
26,1,430.47,127.37,25.00,37.00,1,-1,-1,-1
26,2,487.40,92.16,19.02,36.23,1,-1,-1,-1
27,1,430.26,128.15,25.00,37.00,1,-1,-1,-1
27,2,487.30,92.26,19.02,36.23,1,-1,-1,-1
28,1,429.80,128.31,25.00,37.00,1,-1,-1,-1
28,2,487.16,92.49,19.02,36.23,1,-1,-1,-1
29,1,428.93,128.78,25.00,37.00,1,-1,-1,-1
29,2,486.66,92.62,19.40,36.95,1,-1,-1,-1
30,1,428.21,128.77,25.00,37.00,1,-1,-1,-1
30,2,485.98,92.57,19.40,36.95,1,-1,-1,-1
31,1,427.44,128.48,25.50,37.74,1,-1,-1,-1
31,2,486.17,93.16,19.02,36.23,1,-1,-1,-1
32,1,426.54,129.51,25.00,37.00,1,-1,-1,-1
32,2,486.08,93.34,19.02,36.23,1,-1,-1,-1
33,1,425.76,129.51,25.00,37.00,1,-1,-1,-1
33,2,485.90,93.73,19.02,36.23,1,-1,-1,-1
34,1,425.02,129.75,25.00,37.00,1,-1,-1,-1
34,2,485.57,94.38,19.02,36.23,1,-1,-1,-1
35,1,424.37,130.10,25.00,37.00,1,-1,-1,-1
35,2,485.09,94.40,19.02,36.23,1,-1,-1,-1
36,1,423.79,130.64,25.00,37.00,1,-1,-1,-1
36,2,485.15,94.75,19.02,36.23,1,-1,-1,-1
37,1,422.83,130.68,25.00,37.00,1,-1,-1,-1
37,2,485.14,95.17,19.02,36.23,1,-1,-1,-1
38,1,421.92,131.00,25.00,37.00,1,-1,-1,-1
38,2,484.96,94.88,19.02,36.23,1,-1,-1,-1
39,1,421.31,131.45,25.00,37.00,1,-1,-1,-1
39,2,484.60,94.95,19.40,36.95,1,-1,-1,-1
40,1,420.94,131.98,25.00,37.00,1,-1,-1,-1
40,2,484.19,94.69,19.40,36.95,1,-1,-1,-1
41,1,420.25,131.97,25.00,37.00,1,-1,-1,-1
41,2,484.41,94.63,19.40,36.95,1,-1,-1,-1
42,1,419.98,131.94,25.00,37.00,1,-1,-1,-1
42,2,484.10,94.71,19.02,36.23,1,-1,-1,-1
43,1,419.35,132.22,25.00,37.00,1,-1,-1,-1
43,2,484.33,95.12,19.02,36.23,1,-1,-1,-1
44,1,419.12,132.50,25.00,37.00,1,-1,-1,-1
44,2,484.46,94.71,19.02,36.23,1,-1,-1,-1
45,1,418.59,132.25,25.00,37.00,1,-1,-1,-1
45,2,484.57,94.97,19.02,36.23,1,-1,-1,-1
46,1,417.48,132.91,25.00,37.00,1,-1,-1,-1
46,2,483.77,94.49,19.02,36.23,1,-1,-1,-1
47,1,417.82,132.81,25.00,37.00,1,-1,-1,-1
47,2,483.80,94.67,19.02,36.23,1,-1,-1,-1
48,1,416.88,133.01,25.00,37.00,1,-1,-1,-1
48,2,483.74,94.82,19.02,36.23,1,-1,-1,-1
49,1,416.55,133.31,25.00,37.00,1,-1,-1,-1
49,2,483.54,94.91,19.02,36.23,1,-1,-1,-1
50,1,415.74,133.75,25.00,37.00,1,-1,-1,-1
50,2,483.25,94.28,19.02,36.23,1,-1,-1,-1
51,1,415.55,133.54,25.00,37.00,1,-1,-1,-1
51,2,483.77,94.29,19.02,36.23,1,-1,-1,-1
52,1,414.99,133.76,25.00,37.00,1,-1,-1,-1
52,2,483.32,94.31,19.02,36.23,1,-1,-1,-1
53,1,414.86,133.95,25.00,37.00,1,-1,-1,-1
53,2,483.73,94.27,19.02,36.23,1,-1,-1,-1
54,1,414.30,134.48,25.00,37.00,1,-1,-1,-1
54,2,483.16,94.20,19.02,36.23,1,-1,-1,-1
55,1,414.02,135.13,25.00,37.00,1,-1,-1,-1
55,2,483.42,94.07,19.02,36.23,1,-1,-1,-1
56,1,413.67,135.33,25.00,37.00,1,-1,-1,-1
56,2,483.56,93.91,19.02,36.23,1,-1,-1,-1
57,1,412.76,135.91,25.00,37.00,1,-1,-1,-1
57,2,482.56,93.82,19.02,36.23,1,-1,-1,-1
58,1,412.48,136.07,25.00,37.00,1,-1,-1,-1
58,2,482.45,94.50,19.02,36.23,1,-1,-1,-1
59,1,412.25,136.56,25.00,37.00,1,-1,-1,-1
59,2,483.16,94.35,19.02,36.23,1,-1,-1,-1
60,1,411.80,136.68,25.00,37.00,1,-1,-1,-1
60,2,482.92,94.04,19.02,36.23,1,-1,-1,-1
61,1,410.82,137.25,25.00,37.00,1,-1,-1,-1
61,2,482.47,93.72,19.02,36.23,1,-1,-1,-1
62,1,410.17,138.05,25.00,37.00,1,-1,-1,-1
62,2,482.73,94.19,19.02,36.23,1,-1,-1,-1
63,1,409.96,138.49,25.00,37.00,1,-1,-1,-1
63,2,481.99,93.78,19.02,36.23,1,-1,-1,-1
64,1,409.38,139.27,25.00,37.00,1,-1,-1,-1
64,2,481.95,94.10,19.02,36.23,1,-1,-1,-1
65,1,409.22,139.66,25.00,37.00,1,-1,-1,-1
65,2,481.85,93.62,19.02,36.23,1,-1,-1,-1
66,1,408.93,139.59,25.00,37.00,1,-1,-1,-1
66,2,481.49,93.82,19.02,36.23,1,-1,-1,-1
67,1,408.36,139.79,25.00,37.00,1,-1,-1,-1
67,2,480.95,93.96,19.02,36.23,1,-1,-1,-1
68,1,408.12,140.18,25.00,37.00,1,-1,-1,-1
68,2,481.13,93.52,19.02,36.23,1,-1,-1,-1
69,1,407.64,140.79,25.00,37.00,1,-1,-1,-1
69,2,481.10,93.68,19.02,36.23,1,-1,-1,-1
70,1,407.06,140.89,25.00,37.00,1,-1,-1,-1
70,2,480.93,93.77,19.02,36.23,1,-1,-1,-1
71,1,406.90,141.21,25.00,37.00,1,-1,-1,-1
71,2,480.55,93.76,19.02,36.23,1,-1,-1,-1
72,1,406.57,141.68,25.00,37.00,1,-1,-1,-1
72,2,479.93,93.67,19.02,36.23,1,-1,-1,-1
73,1,405.97,141.54,25.00,37.00,1,-1,-1,-1
73,2,480.08,93.67,19.02,36.23,1,-1,-1,-1
74,1,405.76,141.60,25.00,37.00,1,-1,-1,-1
74,2,480.06,93.51,19.02,36.23,1,-1,-1,-1
75,1,405.41,141.71,25.00,37.00,1,-1,-1,-1
75,2,479.90,93.16,19.02,36.23,1,-1,-1,-1
76,1,405.40,141.91,25.00,37.00,1,-1,-1,-1
76,2,479.64,92.80,19.02,36.23,1,-1,-1,-1
77,1,405.14,142.21,25.00,37.00,1,-1,-1,-1
77,2,479.38,93.27,19.02,36.23,1,-1,-1,-1
78,1,404.55,142.66,25.00,37.00,1,-1,-1,-1
78,2,479.88,92.93,19.02,36.23,1,-1,-1,-1
79,1,403.87,142.58,25.00,37.00,1,-1,-1,-1
79,2,479.30,92.61,19.02,36.23,1,-1,-1,-1
80,1,403.57,142.72,25.00,37.00,1,-1,-1,-1
80,2,479.63,92.98,19.02,36.23,1,-1,-1,-1
81,1,402.96,143.05,25.00,37.00,1,-1,-1,-1
81,2,478.79,92.51,19.02,36.23,1,-1,-1,-1
82,1,402.63,143.45,25.00,37.00,1,-1,-1,-1
82,2,478.99,92.89,19.02,36.23,1,-1,-1,-1
83,1,401.98,144.16,25.00,37.00,1,-1,-1,-1
83,2,479.08,92.62,19.02,36.23,1,-1,-1,-1
84,1,401.94,144.37,25.00,37.00,1,-1,-1,-1
84,2,479.07,93.16,19.02,36.23,1,-1,-1,-1
85,1,401.40,144.92,25.00,37.00,1,-1,-1,-1
85,2,478.99,93.05,19.02,36.23,1,-1,-1,-1
86,1,401.24,144.96,25.00,37.00,1,-1,-1,-1
86,2,478.79,93.10,19.02,36.23,1,-1,-1,-1
87,1,400.72,145.48,25.00,37.00,1,-1,-1,-1
87,2,478.46,93.34,19.02,36.23,1,-1,-1,-1
88,1,399.64,146.25,25.00,37.00,1,-1,-1,-1
88,2,478.81,93.77,19.02,36.23,1,-1,-1,-1
89,1,399.22,146.38,25.00,37.00,1,-1,-1,-1
89,2,478.29,94.55,19.02,36.23,1,-1,-1,-1
90,1,398.95,146.89,25.00,37.00,1,-1,-1,-1
90,2,478.55,94.75,19.02,36.23,1,-1,-1,-1
91,1,398.51,146.91,25.00,37.00,1,-1,-1,-1
91,2,477.83,95.11,19.02,36.23,1,-1,-1,-1
92,1,397.66,147.17,25.00,37.00,1,-1,-1,-1
92,2,477.96,95.07,19.02,36.23,1,-1,-1,-1
93,1,397.32,147.63,25.00,37.00,1,-1,-1,-1
93,2,478.01,95.23,19.02,36.23,1,-1,-1,-1
94,1,397.46,147.29,25.00,37.00,1,-1,-1,-1
94,2,477.99,95.60,19.02,36.23,1,-1,-1,-1
95,1,397.20,147.99,25.00,37.00,1,-1,-1,-1
95,2,477.87,96.19,19.02,36.23,1,-1,-1,-1
96,1,396.85,148.32,25.00,37.00,1,-1,-1,-1
96,2,477.60,96.14,19.02,36.23,1,-1,-1,-1
97,1,396.16,148.82,25.00,37.00,1,-1,-1,-1
97,2,477.21,96.22,19.02,36.23,1,-1,-1,-1
98,1,396.10,148.66,25.00,37.00,1,-1,-1,-1
98,2,477.50,96.35,19.02,36.23,1,-1,-1,-1
99,1,395.75,148.83,25.00,37.00,1,-1,-1,-1
99,2,476.67,96.57,19.02,36.23,1,-1,-1,-1
100,1,395.11,149.19,25.00,37.00,1,-1,-1,-1
100,2,476.65,96.78,19.02,36.23,1,-1,-1,-1
101,1,394.97,149.57,25.00,37.00,1,-1,-1,-1
101,2,476.42,97.05,19.02,36.23,1,-1,-1,-1
102,1,394.67,149.47,25.00,37.00,1,-1,-1,-1
102,2,476.64,96.57,19.02,36.23,1,-1,-1,-1
103,1,393.98,150.33,25.00,37.00,1,-1,-1,-1
103,2,475.85,96.89,19.02,36.23,1,-1,-1,-1
104,1,393.94,150.58,25.00,37.00,1,-1,-1,-1
104,2,475.73,97.26,19.02,36.23,1,-1,-1,-1
105,1,393.75,150.33,25.00,37.00,1,-1,-1,-1
105,2,475.35,96.80,19.02,36.23,1,-1,-1,-1
106,1,393.22,151.06,25.00,37.00,1,-1,-1,-1
106,2,475.44,97.42,19.02,36.23,1,-1,-1,-1
107,1,393.16,151.48,25.00,37.00,1,-1,-1,-1
107,2,475.25,97.38,19.02,36.23,1,-1,-1,-1
108,1,392.85,152.09,25.00,37.00,1,-1,-1,-1
108,2,474.79,97.41,19.02,36.23,1,-1,-1,-1
109,1,392.25,152.46,25.00,37.00,1,-1,-1,-1
109,2,473.65,97.58,19.02,36.23,1,-1,-1,-1
110,1,392.04,152.99,25.00,37.00,1,-1,-1,-1
110,2,473.08,97.83,19.02,36.23,1,-1,-1,-1
111,1,391.57,153.23,25.00,37.00,1,-1,-1,-1
111,2,472.96,98.16,19.02,36.23,1,-1,-1,-1
112,1,390.58,153.84,25.00,37.00,1,-1,-1,-1
112,2,472.33,97.60,19.02,36.23,1,-1,-1,-1
113,1,390.20,154.05,25.00,37.00,1,-1,-1,-1
113,2,472.13,97.87,19.02,36.23,1,-1,-1,-1
114,1,390.13,154.55,25.00,37.00,1,-1,-1,-1
114,2,471.60,97.99,19.02,36.23,1,-1,-1,-1
115,1,389.90,154.72,25.00,37.00,1,-1,-1,-1
115,2,470.51,97.25,19.02,36.23,1,-1,-1,-1
116,1,389.31,155.22,25.00,37.00,1,-1,-1,-1
116,2,470.14,97.19,19.02,36.23,1,-1,-1,-1
117,1,389.12,155.88,25.00,37.00,1,-1,-1,-1
117,2,470.20,97.24,19.02,36.23,1,-1,-1,-1
118,1,388.76,156.12,25.00,37.00,1,-1,-1,-1
118,2,470.02,97.21,19.02,36.23,1,-1,-1,-1
119,1,388.06,156.68,25.00,37.00,1,-1,-1,-1
119,2,469.55,97.08,19.02,36.23,1,-1,-1,-1
120,1,387.97,156.69,25.00,37.00,1,-1,-1,-1
120,2,468.78,96.85,19.02,36.23,1,-1,-1,-1
121,1,387.57,156.94,25.00,37.00,1,-1,-1,-1
121,2,468.69,97.32,19.02,36.23,1,-1,-1,-1
122,1,386.77,157.38,25.00,37.00,1,-1,-1,-1
122,2,468.34,97.09,19.02,36.23,1,-1,-1,-1
123,1,386.41,157.94,25.00,37.00,1,-1,-1,-1
123,2,468.48,96.92,19.02,36.23,1,-1,-1,-1
124,1,386.58,157.85,25.00,37.00,1,-1,-1,-1
124,2,468.42,96.84,19.02,36.23,1,-1,-1,-1
125,1,385.65,158.02,25.00,37.00,1,-1,-1,-1
125,2,468.25,97.62,19.02,36.23,1,-1,-1,-1
126,1,385.19,158.33,25.00,37.00,1,-1,-1,-1
126,2,467.74,97.65,19.02,36.23,1,-1,-1,-1
127,1,385.03,158.62,25.00,37.00,1,-1,-1,-1
127,2,466.91,97.93,19.02,36.23,1,-1,-1,-1
128,1,384.59,158.48,25.00,37.00,1,-1,-1,-1
128,2,466.86,97.85,19.02,36.23,1,-1,-1,-1
129,1,383.78,159.21,25.00,37.00,1,-1,-1,-1
129,2,466.58,98.99,19.02,36.23,1,-1,-1,-1
130,1,383.40,159.25,25.00,37.00,1,-1,-1,-1
130,2,466.07,98.77,19.02,36.23,1,-1,-1,-1
131,1,383.42,159.22,25.00,37.00,1,-1,-1,-1
131,2,466.14,99.61,19.02,36.23,1,-1,-1,-1
132,1,383.05,159.41,25.00,37.00,1,-1,-1,-1
132,2,465.91,99.96,19.02,36.23,1,-1,-1,-1
133,1,382.08,159.99,25.00,37.00,1,-1,-1,-1
133,2,465.39,99.96,19.02,36.23,1,-1,-1,-1
134,1,381.66,159.94,25.00,37.00,1,-1,-1,-1
134,2,465.23,100.61,19.02,36.23,1,-1,-1,-1
135,1,380.64,160.16,25.00,37.00,1,-1,-1,-1
135,2,464.59,101.80,19.02,36.23,1,-1,-1,-1
136,1,379.62,160.57,25.00,37.00,1,-1,-1,-1
136,2,463.37,102.59,19.02,36.23,1,-1,-1,-1
137,1,379.00,160.39,25.00,37.00,1,-1,-1,-1
137,2,463.61,102.97,19.02,36.23,1,-1,-1,-1
138,1,378.32,161.18,25.00,37.00,1,-1,-1,-1
138,2,462.55,103.03,19.02,36.23,1,-1,-1,-1
139,1,377.91,161.38,25.00,37.00,1,-1,-1,-1
139,2,462.08,103.67,19.02,36.23,1,-1,-1,-1
140,1,376.97,162.11,25.00,37.00,1,-1,-1,-1
140,2,461.98,104.88,19.02,36.23,1,-1,-1,-1
141,1,376.21,162.28,25.00,37.00,1,-1,-1,-1
141,2,461.49,105.43,19.02,36.23,1,-1,-1,-1
142,1,375.65,162.58,25.00,37.00,1,-1,-1,-1
142,2,460.60,105.34,19.02,36.23,1,-1,-1,-1
143,1,374.64,162.47,25.00,37.00,1,-1,-1,-1
143,2,460.20,105.87,19.02,36.23,1,-1,-1,-1
144,1,373.90,163.29,25.00,37.00,1,-1,-1,-1
144,2,460.30,107.13,19.02,36.23,1,-1,-1,-1
145,1,373.66,163.34,25.00,37.00,1,-1,-1,-1
145,2,459.99,106.75,19.02,36.23,1,-1,-1,-1
146,1,373.12,163.60,25.00,37.00,1,-1,-1,-1
146,2,459.38,107.48,19.02,36.23,1,-1,-1,-1
147,1,373.14,163.25,25.00,37.00,1,-1,-1,-1
147,2,459.20,107.89,19.02,36.23,1,-1,-1,-1
148,1,372.69,163.76,25.00,37.00,1,-1,-1,-1
148,2,458.75,107.82,19.02,36.23,1,-1,-1,-1
149,1,371.98,163.66,25.00,37.00,1,-1,-1,-1
149,2,457.94,108.83,19.02,36.23,1,-1,-1,-1
150,1,371.74,163.61,25.00,37.00,1,-1,-1,-1
150,2,457.46,109.44,19.02,36.23,1,-1,-1,-1
151,1,371.15,163.62,25.00,37.00,1,-1,-1,-1
151,2,457.39,109.48,19.02,36.23,1,-1,-1,-1
152,1,371.17,163.64,25.00,37.00,1,-1,-1,-1
152,2,456.90,109.93,19.02,36.23,1,-1,-1,-1
153,1,370.85,163.84,25.00,37.00,1,-1,-1,-1
153,2,455.92,109.76,19.02,36.23,1,-1,-1,-1
154,1,370.14,164.17,25.00,37.00,1,-1,-1,-1
154,2,455.37,111.25,19.02,36.23,1,-1,-1,-1
155,1,370.03,164.54,25.00,37.00,1,-1,-1,-1
155,2,455.10,111.27,19.02,36.23,1,-1,-1,-1
156,1,369.65,164.31,25.00,37.00,1,-1,-1,-1
156,2,454.24,111.67,19.02,36.23,1,-1,-1,-1
157,1,368.76,165.03,25.00,37.00,1,-1,-1,-1
157,2,453.77,112.85,19.02,36.23,1,-1,-1,-1
158,1,368.64,165.09,25.00,37.00,1,-1,-1,-1
158,2,452.69,113.36,19.02,36.23,1,-1,-1,-1
159,1,368.16,165.39,25.00,37.00,1,-1,-1,-1
159,2,451.80,113.52,19.02,36.23,1,-1,-1,-1
160,1,368.12,165.74,25.00,37.00,1,-1,-1,-1
160,2,451.09,114.21,19.02,36.23,1,-1,-1,-1
161,1,367.72,165.69,25.00,37.00,1,-1,-1,-1
161,2,450.50,114.48,19.02,36.23,1,-1,-1,-1
162,1,366.97,166.01,25.00,37.00,1,-1,-1,-1
162,2,449.14,115.18,19.02,36.23,1,-1,-1,-1
163,1,366.64,166.44,25.00,37.00,1,-1,-1,-1
163,2,448.97,115.64,19.02,36.23,1,-1,-1,-1
164,1,365.86,167.15,25.00,37.00,1,-1,-1,-1
164,2,448.28,116.47,19.02,36.23,1,-1,-1,-1
165,1,365.59,167.37,25.00,37.00,1,-1,-1,-1
165,2,447.82,116.84,19.02,36.23,1,-1,-1,-1
166,1,364.84,167.92,25.00,37.00,1,-1,-1,-1
166,2,446.70,117.72,19.02,36.23,1,-1,-1,-1
167,1,364.80,167.90,25.00,37.00,1,-1,-1,-1
167,2,445.98,118.17,19.02,36.23,1,-1,-1,-1
168,1,364.21,168.17,25.00,37.00,1,-1,-1,-1
168,2,445.59,118.21,19.02,36.23,1,-1,-1,-1
169,1,364.11,168.60,25.00,37.00,1,-1,-1,-1
169,2,444.71,118.60,19.02,36.23,1,-1,-1,-1
170,1,363.78,168.55,25.00,37.00,1,-1,-1,-1
170,2,444.26,119.43,19.02,36.23,1,-1,-1,-1
171,1,363.01,168.78,25.00,37.00,1,-1,-1,-1
171,2,444.07,120.07,19.02,36.23,1,-1,-1,-1
172,1,362.87,169.14,25.00,37.00,1,-1,-1,-1
172,2,443.31,120.33,19.02,36.23,1,-1,-1,-1
173,1,362.32,169.76,25.00,37.00,1,-1,-1,-1
173,2,443.00,121.11,19.02,36.23,1,-1,-1,-1
174,1,362.37,169.80,25.00,37.00,1,-1,-1,-1
174,2,441.99,121.69,19.02,36.23,1,-1,-1,-1
175,1,362.19,169.96,25.00,37.00,1,-1,-1,-1
175,2,441.30,123.30,19.02,36.23,1,-1,-1,-1
176,1,361.70,170.31,25.00,37.00,1,-1,-1,-1
176,2,440.81,123.72,19.02,36.23,1,-1,-1,-1
177,1,360.82,170.87,25.00,37.00,1,-1,-1,-1
177,2,439.77,124.96,19.02,36.23,1,-1,-1,-1
178,1,360.66,170.81,25.00,37.00,1,-1,-1,-1
178,2,439.04,125.06,19.02,36.23,1,-1,-1,-1
179,1,360.22,170.86,25.00,37.00,1,-1,-1,-1
179,2,438.55,125.92,19.02,36.23,1,-1,-1,-1
180,1,360.26,170.95,25.00,37.00,1,-1,-1,-1
180,2,437.50,126.38,19.02,36.23,1,-1,-1,-1
181,1,359.92,171.26,25.00,37.00,1,-1,-1,-1
181,2,436.85,127.46,19.02,36.23,1,-1,-1,-1
182,1,359.58,171.58,25.00,37.00,1,-1,-1,-1
182,2,436.92,127.66,19.02,36.23,1,-1,-1,-1
183,1,359.16,171.41,25.00,37.00,1,-1,-1,-1
183,2,436.55,127.91,19.02,36.23,1,-1,-1,-1
184,1,359.03,171.93,25.00,37.00,1,-1,-1,-1
184,2,435.60,127.82,19.02,36.23,1,-1,-1,-1
185,1,358.75,171.97,25.00,37.00,1,-1,-1,-1
185,2,435.22,128.88,19.02,36.23,1,-1,-1,-1
186,1,358.22,172.15,25.00,37.00,1,-1,-1,-1
186,2,435.15,129.09,19.02,36.23,1,-1,-1,-1
187,1,357.99,172.59,25.00,37.00,1,-1,-1,-1
187,2,434.27,128.65,19.02,36.23,1,-1,-1,-1
188,1,357.57,172.52,25.00,37.00,1,-1,-1,-1
188,2,433.82,128.97,19.02,36.23,1,-1,-1,-1
189,1,356.78,172.64,25.00,37.00,1,-1,-1,-1
189,2,432.37,128.80,19.02,36.23,1,-1,-1,-1
190,1,356.32,172.89,25.00,37.00,1,-1,-1,-1
190,2,432.40,129.31,19.02,36.23,1,-1,-1,-1
191,1,356.12,173.29,25.00,37.00,1,-1,-1,-1
191,2,431.73,129.21,19.02,36.23,1,-1,-1,-1
192,1,355.47,174.12,25.00,37.00,1,-1,-1,-1
192,2,430.34,129.26,19.02,36.23,1,-1,-1,-1
193,1,355.16,174.51,25.00,37.00,1,-1,-1,-1
193,2,430.19,129.40,19.02,36.23,1,-1,-1,-1
194,1,354.45,174.44,25.00,37.00,1,-1,-1,-1
194,2,429.35,129.72,19.02,36.23,1,-1,-1,-1
195,1,353.70,175.75,25.00,37.00,1,-1,-1,-1
195,2,428.61,130.28,19.02,36.23,1,-1,-1,-1
196,1,352.75,175.53,25.00,37.00,1,-1,-1,-1
196,2,426.88,130.19,19.02,36.23,1,-1,-1,-1
197,1,352.19,175.50,25.00,37.00,1,-1,-1,-1
197,2,426.61,130.28,19.02,36.23,1,-1,-1,-1
198,1,351.56,176.57,25.00,37.00,1,-1,-1,-1
198,2,425.47,130.33,19.02,36.23,1,-1,-1,-1
199,1,350.71,176.21,25.00,37.00,1,-1,-1,-1
199,2,425.46,130.57,19.02,36.23,1,-1,-1,-1
200,1,349.97,176.67,25.00,37.00,1,-1,-1,-1
200,2,424.80,130.70,19.02,36.23,1,-1,-1,-1
201,1,349.72,176.58,25.00,37.00,1,-1,-1,-1
201,2,423.52,130.94,19.02,36.23,1,-1,-1,-1
202,1,349.17,176.67,25.00,37.00,1,-1,-1,-1
202,2,422.68,130.32,19.02,36.23,1,-1,-1,-1
203,1,349.02,176.86,25.00,37.00,1,-1,-1,-1
203,2,422.30,130.51,19.02,36.23,1,-1,-1,-1
204,1,348.50,177.26,25.00,37.00,1,-1,-1,-1
204,2,422.25,130.77,19.02,36.23,1,-1,-1,-1
205,1,348.42,177.71,25.00,37.00,1,-1,-1,-1
205,2,421.93,130.91,19.02,36.23,1,-1,-1,-1
206,1,348.11,177.67,25.00,37.00,1,-1,-1,-1
206,2,421.10,130.14,19.02,36.23,1,-1,-1,-1
207,1,347.45,177.80,25.00,37.00,1,-1,-1,-1
207,2,420.81,130.25,19.02,36.23,1,-1,-1,-1
208,1,347.29,177.98,25.00,37.00,1,-1,-1,-1
208,2,420.13,130.31,19.02,36.23,1,-1,-1,-1
209,1,346.69,178.36,25.00,37.00,1,-1,-1,-1
209,2,419.94,130.47,19.02,36.23,1,-1,-1,-1
210,1,345.83,179.11,25.00,37.00,1,-1,-1,-1
210,2,419.47,130.57,19.02,36.23,1,-1,-1,-1
211,1,345.61,178.99,25.00,37.00,1,-1,-1,-1
211,2,419.36,130.76,19.02,36.23,1,-1,-1,-1
212,1,344.88,179.36,25.00,37.00,1,-1,-1,-1
212,2,418.97,131.10,19.02,36.23,1,-1,-1,-1
213,1,344.72,179.72,25.00,37.00,1,-1,-1,-1
213,2,418.21,130.71,19.02,36.23,1,-1,-1,-1
214,1,344.33,179.66,25.00,37.00,1,-1,-1,-1
214,2,417.97,131.27,19.02,36.23,1,-1,-1,-1
215,1,344.35,179.68,25.00,37.00,1,-1,-1,-1
215,2,417.38,131.27,19.02,36.23,1,-1,-1,-1
216,1,344.05,180.11,25.00,37.00,1,-1,-1,-1
216,2,417.19,131.37,19.02,36.23,1,-1,-1,-1
217,1,343.35,181.68,25.00,37.00,1,-1,-1,-1
217,2,416.19,131.98,19.02,36.23,1,-1,-1,-1
218,1,342.84,181.74,25.00,37.00,1,-1,-1,-1
218,2,415.79,131.88,19.02,36.23,1,-1,-1,-1
219,1,341.59,182.25,25.00,37.00,1,-1,-1,-1
219,2,415.10,132.77,19.02,36.23,1,-1,-1,-1
220,1,340.74,183.20,25.00,37.00,1,-1,-1,-1
220,2,414.99,132.93,19.02,36.23,1,-1,-1,-1
221,1,340.43,183.68,25.00,37.00,1,-1,-1,-1
221,2,414.51,132.53,19.02,36.23,1,-1,-1,-1
222,1,340.45,183.73,25.00,37.00,1,-1,-1,-1
222,2,413.83,132.98,19.02,36.23,1,-1,-1,-1
223,1,339.93,184.27,25.00,37.00,1,-1,-1,-1
223,2,413.80,132.75,19.02,36.23,1,-1,-1,-1
224,1,338.70,185.19,25.00,37.00,1,-1,-1,-1
224,2,413.58,133.50,19.02,36.23,1,-1,-1,-1
225,1,338.28,185.66,25.00,37.00,1,-1,-1,-1
225,2,413.17,133.52,19.02,36.23,1,-1,-1,-1
226,1,338.26,185.70,25.00,37.00,1,-1,-1,-1
226,2,413.43,133.52,19.02,36.23,1,-1,-1,-1
227,1,337.81,186.15,25.00,37.00,1,-1,-1,-1
227,2,413.54,133.53,19.02,36.23,1,-1,-1,-1
228,1,337.05,186.75,25.00,37.00,1,-1,-1,-1
228,2,412.58,133.52,19.02,36.23,1,-1,-1,-1
229,1,336.89,186.83,25.00,37.00,1,-1,-1,-1
229,2,412.50,133.43,19.02,36.23,1,-1,-1,-1
230,1,336.45,187.15,25.00,37.00,1,-1,-1,-1
230,2,412.24,133.26,19.02,36.23,1,-1,-1,-1
231,1,336.42,187.58,25.00,37.00,1,-1,-1,-1
231,2,412.57,133.05,19.02,36.23,1,-1,-1,-1
232,1,336.22,187.38,25.00,37.00,1,-1,-1,-1
232,2,412.00,132.82,19.02,36.23,1,-1,-1,-1
233,1,335.40,188.28,25.00,37.00,1,-1,-1,-1
233,2,412.14,133.45,19.02,36.23,1,-1,-1,-1
234,1,335.29,188.48,25.00,37.00,1,-1,-1,-1
234,2,412.12,133.25,19.02,36.23,1,-1,-1,-1
235,1,334.85,188.84,25.00,37.00,1,-1,-1,-1
235,2,412.03,133.05,19.02,36.23,1,-1,-1,-1
236,1,334.07,188.55,25.00,37.00,1,-1,-1,-1
236,2,411.82,132.85,19.02,36.23,1,-1,-1,-1
237,1,333.81,188.31,25.00,37.00,1,-1,-1,-1
237,2,411.57,133.37,19.02,36.23,1,-1,-1,-1
238,1,332.94,189.18,25.00,37.00,1,-1,-1,-1
238,2,411.19,133.10,19.02,36.23,1,-1,-1,-1
239,1,332.74,189.28,25.00,37.00,1,-1,-1,-1
239,2,411.45,132.88,19.02,36.23,1,-1,-1,-1
240,1,332.09,189.64,25.00,37.00,1,-1,-1,-1
240,2,411.75,133.60,19.02,36.23,1,-1,-1,-1
241,1,332.11,189.21,25.00,37.00,1,-1,-1,-1
241,2,411.32,133.31,19.02,36.23,1,-1,-1,-1
242,1,331.36,189.89,25.00,37.00,1,-1,-1,-1
242,2,411.61,133.14,19.02,36.23,1,-1,-1,-1
243,1,331.28,189.89,25.00,37.00,1,-1,-1,-1
243,2,411.20,132.98,19.02,36.23,1,-1,-1,-1
244,1,330.58,190.12,25.00,37.00,1,-1,-1,-1
244,2,411.58,132.99,19.02,36.23,1,-1,-1,-1
245,1,329.21,190.44,25.00,37.00,1,-1,-1,-1
245,2,411.30,133.01,19.02,36.23,1,-1,-1,-1
246,1,329.20,190.83,25.00,37.00,1,-1,-1,-1
246,2,411.96,133.25,19.02,36.23,1,-1,-1,-1
247,1,328.82,190.54,25.00,37.00,1,-1,-1,-1
247,2,411.93,133.51,19.02,36.23,1,-1,-1,-1
248,1,327.67,190.27,25.00,37.00,1,-1,-1,-1
248,2,412.05,133.91,19.02,36.23,1,-1,-1,-1
249,1,326.81,190.74,25.00,37.00,1,-1,-1,-1
249,2,412.13,133.51,19.02,36.23,1,-1,-1,-1
250,1,326.66,190.53,25.00,37.00,1,-1,-1,-1
250,2,412.50,134.11,19.02,36.23,1,-1,-1,-1
251,1,326.07,190.41,25.00,37.00,1,-1,-1,-1
251,2,411.97,133.85,19.02,36.23,1,-1,-1,-1
252,1,325.90,191.03,25.00,37.00,1,-1,-1,-1
252,2,412.56,134.77,19.02,36.23,1,-1,-1,-1
253,1,325.43,190.92,25.00,37.00,1,-1,-1,-1
253,2,412.13,134.74,19.02,36.23,1,-1,-1,-1
254,1,325.47,190.72,25.00,37.00,1,-1,-1,-1
254,2,412.62,134.83,19.02,36.23,1,-1,-1,-1
255,1,324.97,190.79,25.00,37.00,1,-1,-1,-1
255,2,412.27,135.02,19.02,36.23,1,-1,-1,-1
256,1,324.04,190.94,25.00,37.00,1,-1,-1,-1
256,2,412.58,134.55,19.02,36.23,1,-1,-1,-1
257,1,323.72,191.07,25.00,37.00,1,-1,-1,-1
257,2,412.28,135.01,19.02,36.23,1,-1,-1,-1
258,1,322.87,191.36,25.00,37.00,1,-1,-1,-1
258,2,412.67,134.86,19.02,36.23,1,-1,-1,-1
259,1,322.59,191.61,25.00,37.00,1,-1,-1,-1
259,2,412.36,135.60,19.02,36.23,1,-1,-1,-1
260,1,322.04,191.54,25.00,37.00,1,-1,-1,-1
260,2,412.61,135.71,19.02,36.23,1,-1,-1,-1
261,1,321.98,191.60,25.00,37.00,1,-1,-1,-1
261,2,412.14,135.88,19.02,36.23,1,-1,-1,-1
262,1,321.57,191.92,25.00,37.00,1,-1,-1,-1
262,2,412.25,136.28,19.02,36.23,1,-1,-1,-1
263,1,320.65,192.53,25.00,37.00,1,-1,-1,-1
263,2,412.24,136.07,19.02,36.23,1,-1,-1,-1
264,1,320.48,192.60,25.00,37.00,1,-1,-1,-1
264,2,412.19,135.90,19.02,36.23,1,-1,-1,-1
265,1,320.62,192.97,25.00,37.00,1,-1,-1,-1
265,2,412.00,135.92,19.02,36.23,1,-1,-1,-1
266,1,319.20,193.82,25.00,37.00,1,-1,-1,-1
266,2,411.68,136.04,19.02,36.23,1,-1,-1,-1
267,1,319.45,194.06,25.00,37.00,1,-1,-1,-1
267,2,411.20,136.31,19.02,36.23,1,-1,-1,-1
268,1,319.06,194.63,25.00,37.00,1,-1,-1,-1
268,2,411.14,136.77,19.02,36.23,1,-1,-1,-1
269,1,318.17,194.76,25.00,37.00,1,-1,-1,-1
269,2,410.96,137.49,19.02,36.23,1,-1,-1,-1
270,1,317.88,195.09,25.00,37.00,1,-1,-1,-1
270,2,410.59,137.48,19.02,36.23,1,-1,-1,-1
271,1,317.08,195.76,25.00,37.00,1,-1,-1,-1
271,2,410.00,137.66,19.02,36.23,1,-1,-1,-1
272,1,317.07,195.90,25.00,37.00,1,-1,-1,-1
272,2,409.93,138.16,19.02,36.23,1,-1,-1,-1
273,1,316.64,196.19,25.00,37.00,1,-1,-1,-1
273,2,409.64,138.06,19.02,36.23,1,-1,-1,-1
274,1,315.66,196.82,25.00,37.00,1,-1,-1,-1
274,2,409.12,138.18,19.02,36.23,1,-1,-1,-1
275,1,315.56,196.76,25.00,37.00,1,-1,-1,-1
275,2,409.12,138.56,19.02,36.23,1,-1,-1,-1
276,1,315.02,196.95,25.00,37.00,1,-1,-1,-1
276,2,408.83,139.36,19.02,36.23,1,-1,-1,-1
277,1,315.13,197.30,25.00,37.00,1,-1,-1,-1
277,2,408.26,139.46,19.02,36.23,1,-1,-1,-1
278,1,314.87,197.78,25.00,37.00,1,-1,-1,-1
278,2,408.26,139.83,19.02,36.23,1,-1,-1,-1
279,1,314.36,197.71,25.00,37.00,1,-1,-1,-1
279,2,407.97,140.43,19.02,36.23,1,-1,-1,-1
280,1,314.41,197.73,25.00,37.00,1,-1,-1,-1
280,2,407.37,140.27,19.02,36.23,1,-1,-1,-1
281,1,314.07,197.87,25.00,37.00,1,-1,-1,-1
281,2,407.41,140.34,19.02,36.23,1,-1,-1,-1
282,1,313.28,198.16,25.00,37.00,1,-1,-1,-1
282,2,407.18,140.48,19.02,36.23,1,-1,-1,-1
283,1,313.09,198.60,25.00,37.00,1,-1,-1,-1
283,2,406.69,140.75,19.02,36.23,1,-1,-1,-1
284,1,312.63,198.38,25.00,37.00,1,-1,-1,-1
284,2,405.88,140.99,19.02,36.23,1,-1,-1,-1
285,1,311.50,199.14,25.00,37.00,1,-1,-1,-1
285,2,405.92,140.65,19.02,36.23,1,-1,-1,-1
286,1,311.18,199.07,25.00,37.00,1,-1,-1,-1
286,2,405.78,141.20,19.02,36.23,1,-1,-1,-1
287,1,311.39,199.11,25.00,37.00,1,-1,-1,-1
287,2,405.57,140.94,19.02,36.23,1,-1,-1,-1
288,1,311.15,199.16,25.00,37.00,1,-1,-1,-1
288,2,405.22,140.75,19.02,36.23,1,-1,-1,-1
289,1,310.23,199.34,25.00,37.00,1,-1,-1,-1
289,2,405.57,141.59,19.02,36.23,1,-1,-1,-1
290,1,309.83,199.53,25.00,37.00,1,-1,-1,-1
290,2,405.01,141.43,19.02,36.23,1,-1,-1,-1
291,1,308.97,199.20,25.00,37.00,1,-1,-1,-1
291,2,405.21,141.43,19.02,36.23,1,-1,-1,-1
292,1,308.40,199.42,25.00,37.00,1,-1,-1,-1
292,2,405.36,141.48,19.02,36.23,1,-1,-1,-1
293,1,308.37,199.50,25.00,37.00,1,-1,-1,-1
293,2,405.43,141.61,19.02,36.23,1,-1,-1,-1
294,1,307.95,198.70,25.00,37.00,1,-1,-1,-1
294,2,405.45,141.83,19.02,36.23,1,-1,-1,-1
295,1,306.41,198.06,25.00,37.00,1,-1,-1,-1
295,2,405.38,142.17,19.02,36.23,1,-1,-1,-1
296,1,306.55,198.67,25.00,37.00,1,-1,-1,-1
296,2,405.25,141.71,19.02,36.23,1,-1,-1,-1
297,1,305.36,199.09,25.00,37.00,1,-1,-1,-1
297,2,405.06,142.33,19.02,36.23,1,-1,-1,-1
298,1,305.67,198.97,25.00,37.00,1,-1,-1,-1
298,2,404.83,142.15,19.02,36.23,1,-1,-1,-1
299,1,304.35,199.54,25.00,37.00,1,-1,-1,-1
299,2,404.54,142.09,19.02,36.23,1,-1,-1,-1
300,1,303.98,197.97,25.00,37.00,1,-1,-1,-1
300,2,404.18,142.11,19.02,36.23,1,-1,-1,-1
301,1,303.35,198.81,25.00,37.00,1,-1,-1,-1
301,2,404.51,142.30,19.02,36.23,1,-1,-1,-1
302,1,303.72,198.64,25.00,37.00,1,-1,-1,-1
302,2,404.02,142.71,19.02,36.23,1,-1,-1,-1
303,1,302.61,199.08,25.00,37.00,1,-1,-1,-1
303,2,404.27,143.38,19.02,36.23,1,-1,-1,-1
304,1,302.17,199.47,25.00,37.00,1,-1,-1,-1
304,2,404.44,143.54,19.02,36.23,1,-1,-1,-1
305,1,302.14,199.97,25.00,37.00,1,-1,-1,-1
305,2,404.51,143.86,19.02,36.23,1,-1,-1,-1
306,1,301.81,200.15,25.00,37.00,1,-1,-1,-1
306,2,403.68,144.37,19.02,36.23,1,-1,-1,-1
307,1,300.68,200.78,25.00,37.00,1,-1,-1,-1
307,2,403.59,144.40,19.02,36.23,1,-1,-1,-1
308,1,300.22,200.78,25.00,37.00,1,-1,-1,-1
308,2,403.36,144.58,19.02,36.23,1,-1,-1,-1
309,1,300.05,200.62,25.00,37.00,1,-1,-1,-1
309,2,403.79,145.05,19.02,36.23,1,-1,-1,-1
310,1,299.25,200.86,25.00,37.00,1,-1,-1,-1
310,2,403.14,144.94,19.02,36.23,1,-1,-1,-1
311,1,298.99,201.01,25.00,37.00,1,-1,-1,-1
311,2,403.26,145.18,19.02,36.23,1,-1,-1,-1
312,1,298.31,201.38,25.00,37.00,1,-1,-1,-1
312,2,403.30,145.56,19.02,36.23,1,-1,-1,-1
313,1,298.16,201.66,25.00,37.00,1,-1,-1,-1
313,2,403.23,146.10,19.02,36.23,1,-1,-1,-1
314,1,297.93,201.31,25.00,37.00,1,-1,-1,-1
314,2,402.92,146.09,19.02,36.23,1,-1,-1,-1
315,1,297.15,201.91,25.00,37.00,1,-1,-1,-1
315,2,402.55,146.29,19.02,36.23,1,-1,-1,-1
316,1,297.32,201.65,25.00,37.00,1,-1,-1,-1
316,2,402.02,146.66,19.02,36.23,1,-1,-1,-1
317,1,297.32,201.54,25.00,37.00,1,-1,-1,-1
317,2,402.30,147.42,19.02,36.23,1,-1,-1,-1
318,1,297.19,201.52,25.00,37.00,1,-1,-1,-1
318,2,402.34,147.51,19.02,36.23,1,-1,-1,-1
319,1,296.94,201.58,25.00,37.00,1,-1,-1,-1
319,2,402.33,147.71,19.02,36.23,1,-1,-1,-1
320,1,296.57,201.72,25.00,37.00,1,-1,-1,-1
320,2,402.16,148.02,19.02,36.23,1,-1,-1,-1
321,1,296.01,201.99,25.00,37.00,1,-1,-1,-1
321,2,401.94,147.64,19.02,36.23,1,-1,-1,-1
322,1,296.20,202.09,25.00,37.00,1,-1,-1,-1
322,2,401.81,148.19,19.02,36.23,1,-1,-1,-1
323,1,296.33,202.27,25.00,37.00,1,-1,-1,-1
323,2,401.59,147.96,19.02,36.23,1,-1,-1,-1
324,1,296.41,202.55,25.00,37.00,1,-1,-1,-1
324,2,401.39,147.76,19.02,36.23,1,-1,-1,-1
325,1,296.59,202.14,25.00,37.00,1,-1,-1,-1
325,2,402.15,148.57,19.02,36.23,1,-1,-1,-1
326,1,295.66,202.84,25.00,37.00,1,-1,-1,-1
326,2,401.85,148.37,19.02,36.23,1,-1,-1,-1
327,1,295.75,202.58,25.00,37.00,1,-1,-1,-1
327,2,401.54,148.26,19.02,36.23,1,-1,-1,-1
328,1,295.79,202.38,25.00,37.00,1,-1,-1,-1
328,2,401.20,148.13,19.02,36.23,1,-1,-1,-1
329,1,295.63,202.99,25.00,37.00,1,-1,-1,-1
329,2,401.66,148.06,19.02,36.23,1,-1,-1,-1
330,1,295.67,202.80,25.00,37.00,1,-1,-1,-1
330,2,401.29,147.94,19.02,36.23,1,-1,-1,-1
331,1,295.74,202.59,25.00,37.00,1,-1,-1,-1
331,2,401.72,147.79,19.02,36.23,1,-1,-1,-1
332,1,295.85,202.34,25.00,37.00,1,-1,-1,-1
332,2,401.37,148.51,19.02,36.23,1,-1,-1,-1
333,1,295.80,202.91,25.00,37.00,1,-1,-1,-1
333,2,401.81,148.31,19.02,36.23,1,-1,-1,-1
334,1,295.90,202.71,25.00,37.00,1,-1,-1,-1
334,2,401.47,148.13,19.02,36.23,1,-1,-1,-1
335,1,296.00,202.55,25.00,37.00,1,-1,-1,-1
335,2,401.93,147.93,19.02,36.23,1,-1,-1,-1
336,1,296.09,202.40,25.00,37.00,1,-1,-1,-1
336,2,401.53,147.78,19.02,36.23,1,-1,-1,-1
337,1,296.02,203.04,25.00,37.00,1,-1,-1,-1
337,2,401.15,148.47,19.02,36.23,1,-1,-1,-1
338,1,296.10,202.88,25.00,37.00,1,-1,-1,-1
338,2,401.53,148.27,19.02,36.23,1,-1,-1,-1
339,1,296.19,202.74,25.00,37.00,1,-1,-1,-1
339,2,401.10,148.13,19.02,36.23,1,-1,-1,-1
340,1,296.30,202.59,25.00,37.00,1,-1,-1,-1
340,2,401.45,147.92,19.02,36.23,1,-1,-1,-1
341,1,296.42,202.44,25.00,37.00,1,-1,-1,-1
341,2,401.72,147.68,19.02,36.23,1,-1,-1,-1
342,1,296.42,203.08,25.00,37.00,1,-1,-1,-1
342,2,401.21,148.24,19.02,36.23,1,-1,-1,-1
343,1,296.57,202.91,25.00,37.00,1,-1,-1,-1
343,2,401.43,147.99,19.02,36.23,1,-1,-1,-1
344,1,295.97,202.89,25.00,37.00,1,-1,-1,-1
344,2,401.61,147.76,19.02,36.23,1,-1,-1,-1
345,1,296.16,202.70,25.00,37.00,1,-1,-1,-1
345,2,401.00,148.34,19.02,36.23,1,-1,-1,-1
346,1,296.36,202.52,25.00,37.00,1,-1,-1,-1
346,2,401.14,148.13,19.02,36.23,1,-1,-1,-1
347,1,296.57,202.34,25.00,37.00,1,-1,-1,-1
347,2,401.26,147.94,19.02,36.23,1,-1,-1,-1
