1,1,551.05,318.06,33.00,32.00,1,-1,-1,-1
1,2,130.98,210.05,27.00,43.00,1,-1,-1,-1
1,3,489.25,285.04,32.00,53.00,1,-1,-1,-1
2,1,551.07,318.13,33.00,32.00,1,-1,-1,-1
2,2,130.95,210.12,27.00,43.00,1,-1,-1,-1
2,3,488.35,284.30,32.64,54.06,1,-1,-1,-1
3,1,551.08,318.20,33.00,32.00,1,-1,-1,-1
3,2,130.91,210.21,27.00,43.00,1,-1,-1,-1
3,3,489.27,285.74,30.76,50.94,1,-1,-1,-1
4,1,551.09,318.24,33.00,32.00,1,-1,-1,-1
4,2,130.87,210.34,27.00,43.00,1,-1,-1,-1
4,3,487.76,284.22,31.37,51.96,1,-1,-1,-1
5,1,551.11,318.28,33.00,32.00,1,-1,-1,-1
5,2,130.83,210.52,27.00,43.00,1,-1,-1,-1
5,3,487.19,284.79,31.37,51.96,1,-1,-1,-1
6,1,551.15,318.28,33.00,32.00,1,-1,-1,-1
6,2,130.80,209.95,27.00,43.00,1,-1,-1,-1
6,3,487.04,285.54,30.76,50.94,1,-1,-1,-1
7,1,551.20,318.22,33.00,32.00,1,-1,-1,-1
7,2,130.76,210.18,27.00,43.00,1,-1,-1,-1
7,3,484.32,283.86,29.56,48.96,1,-1,-1,-1
8,1,551.25,318.10,33.00,32.00,1,-1,-1,-1
8,2,130.65,210.46,27.00,43.00,1,-1,-1,-1
8,3,484.17,284.31,29.56,48.96,1,-1,-1,-1
9,1,551.34,317.91,33.00,32.00,1,-1,-1,-1
9,2,130.54,210.81,27.00,43.00,1,-1,-1,-1
9,3,482.90,283.28,31.37,51.96,1,-1,-1,-1
10,1,551.43,318.33,33.00,32.00,1,-1,-1,-1
10,2,130.67,210.80,26.47,42.16,1,-1,-1,-1
10,3,481.45,283.28,32.00,53.00,1,-1,-1,-1
11,1,552.20,318.57,31.72,30.76,1,-1,-1,-1
11,2,131.54,211.09,27.00,43.00,1,-1,-1,-1
11,3,479.33,282.91,32.64,54.06,1,-1,-1,-1
12,1,551.44,318.31,33.00,32.00,1,-1,-1,-1
12,2,130.28,210.39,27.54,43.86,1,-1,-1,-1
12,3,479.21,284.44,31.37,51.96,1,-1,-1,-1
13,1,552.33,318.20,31.72,30.76,1,-1,-1,-1
13,2,130.11,210.22,27.54,43.86,1,-1,-1,-1
13,3,477.87,283.47,32.00,53.00,1,-1,-1,-1
14,1,552.20,318.36,31.72,30.76,1,-1,-1,-1
14,2,131.02,210.39,27.00,43.00,1,-1,-1,-1
14,3,475.36,282.53,32.64,54.06,1,-1,-1,-1
15,1,552.16,318.32,31.72,30.76,1,-1,-1,-1
15,2,130.09,210.20,28.09,44.74,1,-1,-1,-1
15,3,474.24,282.94,32.64,54.06,1,-1,-1,-1
16,1,551.81,317.83,32.35,31.37,1,-1,-1,-1
16,2,130.15,210.49,28.09,44.74,1,-1,-1,-1
16,3,472.92,284.06,32.00,53.00,1,-1,-1,-1
17,1,552.87,317.94,31.72,30.76,1,-1,-1,-1
17,2,130.42,211.22,27.54,43.86,1,-1,-1,-1
17,3,470.12,281.50,32.00,53.00,1,-1,-1,-1
18,1,552.34,316.59,33.00,32.00,1,-1,-1,-1
18,2,130.27,210.64,27.00,43.00,1,-1,-1,-1
18,3,468.51,282.52,32.00,53.00,1,-1,-1,-1
19,1,552.10,316.22,33.00,32.00,1,-1,-1,-1
19,2,130.97,210.82,27.00,43.00,1,-1,-1,-1
19,3,467.48,281.02,32.00,53.00,1,-1,-1,-1
20,1,551.89,315.76,33.00,32.00,1,-1,-1,-1
20,2,130.72,211.12,27.00,43.00,1,-1,-1,-1
20,3,466.42,281.82,32.00,53.00,1,-1,-1,-1
21,1,551.63,315.94,33.00,32.00,1,-1,-1,-1
21,2,130.45,211.32,27.00,43.00,1,-1,-1,-1
21,3,465.30,281.86,31.37,51.96,1,-1,-1,-1
22,1,551.71,316.29,32.35,31.37,1,-1,-1,-1
22,2,131.06,211.45,27.00,43.00,1,-1,-1,-1
22,3,465.61,283.29,30.15,49.94,1,-1,-1,-1
23,1,552.29,316.14,33.66,32.64,1,-1,-1,-1
23,2,130.54,211.21,27.54,43.86,1,-1,-1,-1
23,3,463.67,281.35,28.98,48.00,1,-1,-1,-1
24,1,551.86,315.36,33.66,32.64,1,-1,-1,-1
24,2,130.38,210.51,27.00,43.00,1,-1,-1,-1
24,3,462.54,281.62,28.98,48.00,1,-1,-1,-1
25,1,552.31,315.99,33.00,32.00,1,-1,-1,-1
25,2,131.27,210.92,26.47,42.16,1,-1,-1,-1
25,3,461.19,281.33,29.56,48.96,1,-1,-1,-1
26,1,552.11,315.73,33.00,32.00,1,-1,-1,-1
26,2,131.01,210.97,26.47,42.16,1,-1,-1,-1
26,3,461.57,282.12,28.98,48.00,1,-1,-1,-1
27,1,551.93,315.48,33.00,32.00,1,-1,-1,-1
27,2,131.02,211.22,25.95,41.33,1,-1,-1,-1
27,3,458.30,279.44,29.56,48.96,1,-1,-1,-1
28,1,551.75,315.25,33.00,32.00,1,-1,-1,-1
28,2,131.02,211.27,25.95,41.33,1,-1,-1,-1
28,3,457.33,279.60,30.76,50.94,1,-1,-1,-1
29,1,551.57,315.03,33.00,32.00,1,-1,-1,-1
29,2,131.02,211.29,25.95,41.33,1,-1,-1,-1
29,3,456.32,278.74,31.37,51.96,1,-1,-1,-1
30,1,551.38,314.94,33.00,32.00,1,-1,-1,-1
30,2,131.01,211.24,25.95,41.33,1,-1,-1,-1
30,3,453.66,277.68,32.64,54.06,1,-1,-1,-1
31,1,551.88,315.89,33.00,32.00,1,-1,-1,-1
31,2,130.99,211.16,25.95,41.33,1,-1,-1,-1
31,3,453.44,278.15,32.64,54.06,1,-1,-1,-1
32,1,551.71,315.95,33.00,32.00,1,-1,-1,-1
32,2,130.97,211.02,25.95,41.33,1,-1,-1,-1
32,3,452.38,278.05,32.00,53.00,1,-1,-1,-1
33,1,551.54,316.02,33.00,32.00,1,-1,-1,-1
33,2,130.95,210.89,25.95,41.33,1,-1,-1,-1
33,3,448.97,276.69,32.00,53.00,1,-1,-1,-1
34,1,551.77,315.59,32.35,31.37,1,-1,-1,-1
34,2,130.95,210.76,25.95,41.33,1,-1,-1,-1
34,3,448.86,277.30,31.37,51.96,1,-1,-1,-1
35,1,552.41,315.93,33.00,32.00,1,-1,-1,-1
35,2,130.93,210.62,25.95,41.33,1,-1,-1,-1
35,3,447.95,277.85,30.76,50.94,1,-1,-1,-1
36,1,552.07,316.25,33.00,32.00,1,-1,-1,-1
36,2,130.90,210.08,26.47,42.16,1,-1,-1,-1
36,3,444.65,275.61,31.37,51.96,1,-1,-1,-1
37,1,551.80,315.94,33.00,32.00,1,-1,-1,-1
37,2,130.79,210.42,26.47,42.16,1,-1,-1,-1
37,3,444.20,276.54,31.37,51.96,1,-1,-1,-1
38,1,551.63,316.44,33.00,32.00,1,-1,-1,-1
38,2,130.67,210.82,26.47,42.16,1,-1,-1,-1
38,3,443.55,276.75,31.37,51.96,1,-1,-1,-1
39,1,551.55,316.24,33.00,32.00,1,-1,-1,-1
39,2,131.48,211.64,25.95,41.33,1,-1,-1,-1
39,3,441.83,276.83,30.76,50.94,1,-1,-1,-1
40,1,551.54,316.05,33.00,32.00,1,-1,-1,-1
40,2,130.75,210.80,25.95,41.33,1,-1,-1,-1
40,3,440.10,276.41,30.76,50.94,1,-1,-1,-1
41,1,551.57,315.92,33.00,32.00,1,-1,-1,-1
41,2,130.73,210.92,25.95,41.33,1,-1,-1,-1
41,3,439.15,276.53,30.76,50.94,1,-1,-1,-1
42,1,551.62,316.69,33.00,32.00,1,-1,-1,-1
42,2,130.35,210.61,26.47,42.16,1,-1,-1,-1
42,3,437.32,276.08,31.37,51.96,1,-1,-1,-1
43,1,551.68,316.64,33.00,32.00,1,-1,-1,-1
43,2,130.21,210.79,27.00,43.00,1,-1,-1,-1
43,3,436.74,276.10,30.76,50.94,1,-1,-1,-1
44,1,551.81,316.76,33.00,32.00,1,-1,-1,-1
44,2,130.23,210.26,27.54,43.86,1,-1,-1,-1
44,3,434.68,275.04,30.76,50.94,1,-1,-1,-1
45,1,551.99,316.86,33.00,32.00,1,-1,-1,-1
45,2,129.54,210.32,27.00,43.00,1,-1,-1,-1
45,3,433.57,275.04,30.76,50.94,1,-1,-1,-1
46,1,551.92,316.90,33.00,32.00,1,-1,-1,-1
46,2,129.91,210.59,27.54,43.86,1,-1,-1,-1
46,3,433.01,274.81,30.76,50.94,1,-1,-1,-1
47,1,551.80,316.94,33.00,32.00,1,-1,-1,-1
47,2,130.00,209.77,28.09,44.74,1,-1,-1,-1
47,3,430.53,273.77,30.76,50.94,1,-1,-1,-1
48,1,551.67,317.13,33.00,32.00,1,-1,-1,-1
48,2,129.71,209.47,28.65,45.63,1,-1,-1,-1
48,3,429.97,273.87,30.76,50.94,1,-1,-1,-1
49,1,551.48,316.65,33.00,32.00,1,-1,-1,-1
49,2,129.41,209.29,28.65,45.63,1,-1,-1,-1
49,3,427.44,273.16,31.37,51.96,1,-1,-1,-1
50,1,551.89,317.21,33.00,32.00,1,-1,-1,-1
50,2,130.62,210.37,27.00,43.00,1,-1,-1,-1
50,3,426.93,274.08,30.76,50.94,1,-1,-1,-1
51,1,551.44,316.95,33.00,32.00,1,-1,-1,-1
51,2,130.11,210.94,27.54,43.86,1,-1,-1,-1
51,3,425.13,274.15,30.76,50.94,1,-1,-1,-1
52,1,551.75,317.83,33.00,32.00,1,-1,-1,-1
52,2,130.10,210.27,28.09,44.74,1,-1,-1,-1
52,3,423.99,274.24,30.76,50.94,1,-1,-1,-1
53,1,550.85,317.76,33.66,32.64,1,-1,-1,-1
53,2,129.95,210.48,28.09,44.74,1,-1,-1,-1
53,3,421.46,273.96,31.37,51.96,1,-1,-1,-1
54,1,551.19,317.96,33.66,32.64,1,-1,-1,-1
54,2,130.29,210.14,28.65,45.63,1,-1,-1,-1
54,3,420.75,275.47,30.76,50.94,1,-1,-1,-1
55,1,551.00,318.20,33.66,32.64,1,-1,-1,-1
55,2,129.83,210.04,28.65,45.63,1,-1,-1,-1
55,3,418.83,275.43,30.76,50.94,1,-1,-1,-1
56,1,550.97,318.33,34.33,33.29,1,-1,-1,-1
56,2,129.36,209.97,28.65,45.63,1,-1,-1,-1
56,3,417.87,275.54,30.76,50.94,1,-1,-1,-1
57,1,550.28,318.51,35.02,33.96,1,-1,-1,-1
57,2,129.63,209.90,28.65,45.63,1,-1,-1,-1
57,3,416.55,274.86,30.76,50.94,1,-1,-1,-1
58,1,550.16,317.80,35.02,33.96,1,-1,-1,-1
58,2,129.94,209.80,28.65,45.63,1,-1,-1,-1
58,3,416.02,274.84,30.76,50.94,1,-1,-1,-1
59,1,550.00,318.08,35.02,33.96,1,-1,-1,-1
59,2,129.47,209.76,28.65,45.63,1,-1,-1,-1
59,3,414.11,274.91,30.76,50.94,1,-1,-1,-1
60,1,549.77,317.55,35.02,33.96,1,-1,-1,-1
60,2,129.74,209.79,28.65,45.63,1,-1,-1,-1
60,3,413.30,274.87,30.76,50.94,1,-1,-1,-1
61,1,549.56,317.93,35.02,33.96,1,-1,-1,-1
61,2,129.24,209.86,28.65,45.63,1,-1,-1,-1
61,3,412.37,274.85,30.76,50.94,1,-1,-1,-1
62,1,549.35,318.23,35.02,33.96,1,-1,-1,-1
62,2,129.50,209.95,28.65,45.63,1,-1,-1,-1
62,3,411.25,274.60,30.76,50.94,1,-1,-1,-1
63,1,549.51,317.86,35.02,33.96,1,-1,-1,-1
63,2,129.78,210.08,28.65,45.63,1,-1,-1,-1
63,3,409.82,274.34,30.76,50.94,1,-1,-1,-1
64,1,549.26,318.14,35.02,33.96,1,-1,-1,-1
64,2,128.69,209.27,29.81,47.48,1,-1,-1,-1
64,3,408.33,274.59,30.76,50.94,1,-1,-1,-1
65,1,549.42,317.73,35.02,33.96,1,-1,-1,-1
65,2,129.37,209.10,29.23,46.54,1,-1,-1,-1
65,3,408.42,274.44,30.15,49.94,1,-1,-1,-1
66,1,549.96,318.38,34.33,33.29,1,-1,-1,-1
66,2,129.79,209.43,29.81,47.48,1,-1,-1,-1
66,3,406.66,274.42,30.15,49.94,1,-1,-1,-1
67,1,549.60,317.87,35.02,33.96,1,-1,-1,-1
67,2,129.77,209.51,29.23,46.54,1,-1,-1,-1
67,3,406.09,273.73,30.15,49.94,1,-1,-1,-1
68,1,548.99,317.76,35.72,34.64,1,-1,-1,-1
68,2,129.34,209.89,29.81,47.48,1,-1,-1,-1
68,3,403.93,273.12,30.15,49.94,1,-1,-1,-1
69,1,549.88,318.22,35.02,33.96,1,-1,-1,-1
69,2,128.70,209.07,30.41,48.42,1,-1,-1,-1
69,3,403.17,272.89,30.15,49.94,1,-1,-1,-1
70,1,549.53,317.76,35.02,33.96,1,-1,-1,-1
70,2,129.54,209.10,30.41,48.42,1,-1,-1,-1
70,3,402.05,272.89,30.15,49.94,1,-1,-1,-1
71,1,549.31,318.13,35.02,33.96,1,-1,-1,-1
71,2,129.48,209.23,30.41,48.42,1,-1,-1,-1
71,3,400.85,272.62,30.15,49.94,1,-1,-1,-1
72,1,549.57,317.95,35.02,33.96,1,-1,-1,-1
72,2,129.41,209.36,30.41,48.42,1,-1,-1,-1
72,3,400.84,271.74,30.15,49.94,1,-1,-1,-1
73,1,549.47,318.53,35.02,33.96,1,-1,-1,-1
73,2,129.25,209.53,30.41,48.42,1,-1,-1,-1
73,3,399.44,271.32,30.15,49.94,1,-1,-1,-1
74,1,549.92,318.51,35.02,33.96,1,-1,-1,-1
74,2,129.09,209.64,30.41,48.42,1,-1,-1,-1
74,3,398.09,270.06,30.15,49.94,1,-1,-1,-1
75,1,549.90,318.46,35.02,33.96,1,-1,-1,-1
75,2,128.91,209.68,30.41,48.42,1,-1,-1,-1
75,3,396.68,269.50,30.15,49.94,1,-1,-1,-1
76,1,549.92,318.45,35.02,33.96,1,-1,-1,-1
76,2,128.72,209.71,30.41,48.42,1,-1,-1,-1
76,3,396.46,269.33,30.15,49.94,1,-1,-1,-1
77,1,550.02,318.41,35.02,33.96,1,-1,-1,-1
77,2,129.42,209.68,30.41,48.42,1,-1,-1,-1
77,3,395.10,268.56,30.15,49.94,1,-1,-1,-1
78,1,550.16,318.45,35.02,33.96,1,-1,-1,-1
78,2,129.14,209.69,30.41,48.42,1,-1,-1,-1
78,3,393.79,268.19,30.15,49.94,1,-1,-1,-1
79,1,550.71,318.88,34.33,33.29,1,-1,-1,-1
79,2,128.81,209.79,30.41,48.42,1,-1,-1,-1
79,3,393.82,267.17,30.15,49.94,1,-1,-1,-1
80,1,551.50,319.46,34.33,33.29,1,-1,-1,-1
80,2,127.76,209.01,31.63,50.38,1,-1,-1,-1
80,3,392.56,266.76,30.15,49.94,1,-1,-1,-1
81,1,551.29,318.94,35.02,33.96,1,-1,-1,-1
81,2,128.83,209.08,31.01,49.39,1,-1,-1,-1
81,3,391.48,266.56,30.15,49.94,1,-1,-1,-1
82,1,551.09,319.27,35.02,33.96,1,-1,-1,-1
82,2,128.41,209.49,30.41,48.42,1,-1,-1,-1
82,3,390.67,266.10,30.15,49.94,1,-1,-1,-1
83,1,550.99,318.84,35.02,33.96,1,-1,-1,-1
83,2,129.01,209.58,30.41,48.42,1,-1,-1,-1
83,3,389.70,265.09,30.76,50.94,1,-1,-1,-1
84,1,550.93,319.17,35.02,33.96,1,-1,-1,-1
84,2,128.61,209.71,30.41,48.42,1,-1,-1,-1
84,3,387.94,265.06,30.76,50.94,1,-1,-1,-1
85,1,551.06,318.79,35.02,33.96,1,-1,-1,-1
85,2,128.61,208.83,31.63,50.38,1,-1,-1,-1
85,3,387.34,264.98,30.76,50.94,1,-1,-1,-1
86,1,551.18,319.10,35.02,33.96,1,-1,-1,-1
86,2,128.62,208.87,31.01,49.39,1,-1,-1,-1
86,3,386.87,264.78,30.76,50.94,1,-1,-1,-1
87,1,551.35,318.57,35.02,33.96,1,-1,-1,-1
87,2,128.22,209.15,30.41,48.42,1,-1,-1,-1
87,3,385.15,264.17,30.76,50.94,1,-1,-1,-1
88,1,551.51,318.74,35.02,33.96,1,-1,-1,-1
88,2,128.89,209.12,30.41,48.42,1,-1,-1,-1
88,3,384.46,264.23,30.76,50.94,1,-1,-1,-1
89,1,550.88,318.98,35.02,33.96,1,-1,-1,-1
89,2,128.57,209.10,30.41,48.42,1,-1,-1,-1
89,3,383.75,264.38,30.76,50.94,1,-1,-1,-1
90,1,551.06,319.17,35.02,33.96,1,-1,-1,-1
90,2,129.21,209.05,30.41,48.42,1,-1,-1,-1
90,3,381.29,263.90,30.76,50.94,1,-1,-1,-1
91,1,551.25,318.61,35.02,33.96,1,-1,-1,-1
91,2,128.93,209.00,30.41,48.42,1,-1,-1,-1
91,3,380.92,263.86,30.76,50.94,1,-1,-1,-1
92,1,551.44,318.78,35.02,33.96,1,-1,-1,-1
92,2,128.66,208.98,30.41,48.42,1,-1,-1,-1
92,3,379.16,263.83,30.15,49.94,1,-1,-1,-1
93,1,551.64,318.95,35.02,33.96,1,-1,-1,-1
93,2,129.31,208.98,30.41,48.42,1,-1,-1,-1
93,3,377.90,264.43,30.15,49.94,1,-1,-1,-1
94,1,550.91,319.15,35.02,33.96,1,-1,-1,-1
94,2,129.04,208.92,30.41,48.42,1,-1,-1,-1
94,3,377.27,264.45,30.15,49.94,1,-1,-1,-1
95,1,551.04,318.56,35.02,33.96,1,-1,-1,-1
95,2,128.79,208.81,30.41,48.42,1,-1,-1,-1
95,3,375.05,264.09,30.15,49.94,1,-1,-1,-1
96,1,551.18,318.74,35.02,33.96,1,-1,-1,-1
96,2,130.02,209.65,29.23,46.54,1,-1,-1,-1
96,3,373.93,264.09,30.15,49.94,1,-1,-1,-1
97,1,551.85,318.60,35.02,33.96,1,-1,-1,-1
97,2,130.23,209.26,29.81,47.48,1,-1,-1,-1
97,3,373.64,263.86,30.15,49.94,1,-1,-1,-1
98,1,551.42,318.72,35.02,33.96,1,-1,-1,-1
98,2,128.74,208.89,30.41,48.42,1,-1,-1,-1
98,3,372.55,264.45,30.15,49.94,1,-1,-1,-1
99,1,551.50,318.81,35.02,33.96,1,-1,-1,-1
99,2,129.69,209.04,29.81,47.48,1,-1,-1,-1
99,3,370.92,264.43,30.15,49.94,1,-1,-1,-1
100,1,550.47,318.93,35.02,33.96,1,-1,-1,-1
100,2,129.28,209.50,29.23,46.54,1,-1,-1,-1
100,3,369.35,264.43,30.15,49.94,1,-1,-1,-1
101,1,551.11,319.06,35.02,33.96,1,-1,-1,-1
101,2,129.17,208.94,30.41,48.42,1,-1,-1,-1
101,3,368.87,264.46,30.15,49.94,1,-1,-1,-1
102,1,550.93,318.41,35.02,33.96,1,-1,-1,-1
102,2,129.48,209.51,29.23,46.54,1,-1,-1,-1
102,3,368.31,264.41,30.15,49.94,1,-1,-1,-1
103,1,550.78,318.50,35.02,33.96,1,-1,-1,-1
103,2,128.55,208.84,30.41,48.42,1,-1,-1,-1
103,3,366.56,264.22,30.15,49.94,1,-1,-1,-1
104,1,550.64,318.58,35.02,33.96,1,-1,-1,-1
104,2,129.62,209.36,29.23,46.54,1,-1,-1,-1
104,3,366.10,264.07,30.15,49.94,1,-1,-1,-1
105,1,550.49,318.65,35.02,33.96,1,-1,-1,-1
105,2,129.27,209.66,29.23,46.54,1,-1,-1,-1
105,3,364.51,263.90,30.15,49.94,1,-1,-1,-1
106,1,550.35,318.70,35.02,33.96,1,-1,-1,-1
106,2,130.28,210.74,28.09,44.74,1,-1,-1,-1
106,3,364.11,264.28,30.15,49.94,1,-1,-1,-1
107,1,550.82,318.79,35.02,33.96,1,-1,-1,-1
107,2,129.62,209.50,28.65,45.63,1,-1,-1,-1
107,3,362.74,264.11,30.15,49.94,1,-1,-1,-1
108,1,550.69,318.83,35.02,33.96,1,-1,-1,-1
108,2,129.65,209.18,28.65,45.63,1,-1,-1,-1
108,3,362.37,263.96,30.15,49.94,1,-1,-1,-1
109,1,550.57,318.86,35.02,33.96,1,-1,-1,-1
109,2,129.68,208.86,28.65,45.63,1,-1,-1,-1
109,3,360.96,264.20,30.15,49.94,1,-1,-1,-1
110,1,550.45,318.88,35.02,33.96,1,-1,-1,-1
110,2,128.68,208.91,29.23,46.54,1,-1,-1,-1
110,3,359.50,263.79,30.15,49.94,1,-1,-1,-1
111,1,550.93,318.92,35.02,33.96,1,-1,-1,-1
111,2,129.12,209.08,29.23,46.54,1,-1,-1,-1
111,3,358.96,263.93,30.15,49.94,1,-1,-1,-1
112,1,550.79,318.94,35.02,33.96,1,-1,-1,-1
112,2,129.59,209.25,29.23,46.54,1,-1,-1,-1
112,3,357.14,263.99,30.15,49.94,1,-1,-1,-1
113,1,550.65,318.98,35.02,33.96,1,-1,-1,-1
113,2,129.34,209.54,29.23,46.54,1,-1,-1,-1
113,3,355.98,263.61,30.76,50.94,1,-1,-1,-1
114,1,550.52,318.99,35.02,33.96,1,-1,-1,-1
114,2,129.83,209.73,29.23,46.54,1,-1,-1,-1
114,3,355.05,263.16,30.76,50.94,1,-1,-1,-1
115,1,550.40,318.97,35.02,33.96,1,-1,-1,-1
115,2,129.30,208.63,29.81,47.48,1,-1,-1,-1
115,3,353.62,263.26,30.76,50.94,1,-1,-1,-1
116,1,550.90,319.03,35.02,33.96,1,-1,-1,-1
116,2,128.77,208.45,29.81,47.48,1,-1,-1,-1
116,3,353.24,263.30,30.76,50.94,1,-1,-1,-1
117,1,550.62,318.32,35.02,33.96,1,-1,-1,-1
117,2,129.24,208.69,29.23,46.54,1,-1,-1,-1
117,3,352.44,263.50,30.76,50.94,1,-1,-1,-1
118,1,550.44,318.27,35.02,33.96,1,-1,-1,-1
118,2,129.78,209.67,29.23,46.54,1,-1,-1,-1
118,3,351.43,263.60,30.76,50.94,1,-1,-1,-1
119,1,550.91,318.34,35.02,33.96,1,-1,-1,-1
119,2,129.29,209.30,29.81,47.48,1,-1,-1,-1
119,3,350.33,263.10,30.76,50.94,1,-1,-1,-1
120,1,550.70,318.34,35.02,33.96,1,-1,-1,-1
120,2,128.64,208.05,29.81,47.48,1,-1,-1,-1
120,3,349.13,263.12,30.76,50.94,1,-1,-1,-1
121,1,550.50,318.36,35.02,33.96,1,-1,-1,-1
121,2,129.09,209.11,29.23,46.54,1,-1,-1,-1
121,3,347.78,263.15,30.76,50.94,1,-1,-1,-1
122,1,550.29,318.37,35.02,33.96,1,-1,-1,-1
122,2,129.68,208.99,29.23,46.54,1,-1,-1,-1
122,3,346.30,263.09,30.76,50.94,1,-1,-1,-1
123,1,550.77,318.44,35.02,33.96,1,-1,-1,-1
123,2,129.48,209.05,29.23,46.54,1,-1,-1,-1
123,3,345.88,262.92,30.76,50.94,1,-1,-1,-1
124,1,550.57,318.49,35.02,33.96,1,-1,-1,-1
124,2,129.27,209.05,29.23,46.54,1,-1,-1,-1
124,3,344.43,262.70,30.76,50.94,1,-1,-1,-1
125,1,550.36,318.57,35.02,33.96,1,-1,-1,-1
125,2,129.77,208.81,29.23,46.54,1,-1,-1,-1
125,3,344.00,262.42,30.76,50.94,1,-1,-1,-1
126,1,550.88,318.68,35.02,33.96,1,-1,-1,-1
126,2,129.55,208.76,29.23,46.54,1,-1,-1,-1
126,3,342.34,262.34,30.15,49.94,1,-1,-1,-1
127,1,550.65,318.76,35.02,33.96,1,-1,-1,-1
127,2,129.04,208.25,29.81,47.48,1,-1,-1,-1
127,3,341.39,262.25,30.15,49.94,1,-1,-1,-1
128,1,550.44,318.83,35.02,33.96,1,-1,-1,-1
128,2,129.47,209.21,29.23,46.54,1,-1,-1,-1
128,3,340.29,262.21,30.15,49.94,1,-1,-1,-1
129,1,550.97,319.00,35.02,33.96,1,-1,-1,-1
129,2,129.20,209.23,29.23,46.54,1,-1,-1,-1
129,3,338.80,262.27,30.15,49.94,1,-1,-1,-1
130,1,550.80,319.18,35.02,33.96,1,-1,-1,-1
130,2,129.78,209.27,29.23,46.54,1,-1,-1,-1
130,3,338.07,262.33,30.15,49.94,1,-1,-1,-1
131,1,550.54,318.77,35.02,33.96,1,-1,-1,-1
131,2,129.54,209.48,29.23,46.54,1,-1,-1,-1
131,3,335.50,262.19,30.15,49.94,1,-1,-1,-1
132,1,550.67,319.33,34.33,33.29,1,-1,-1,-1
132,2,129.29,209.68,29.23,46.54,1,-1,-1,-1
132,3,334.75,262.36,30.15,49.94,1,-1,-1,-1
133,1,551.18,319.76,35.02,33.96,1,-1,-1,-1
133,2,129.56,209.36,29.81,47.48,1,-1,-1,-1
133,3,333.44,262.68,30.15,49.94,1,-1,-1,-1
134,1,551.04,319.44,35.02,33.96,1,-1,-1,-1
134,2,129.28,208.76,29.23,46.54,1,-1,-1,-1
134,3,331.51,262.60,30.15,49.94,1,-1,-1,-1
135,1,550.91,319.13,35.02,33.96,1,-1,-1,-1
135,2,129.98,208.89,29.23,46.54,1,-1,-1,-1
135,3,330.14,263.02,30.15,49.94,1,-1,-1,-1
136,1,550.78,318.81,35.02,33.96,1,-1,-1,-1
136,2,129.83,209.07,29.23,46.54,1,-1,-1,-1
136,3,328.10,262.94,30.15,49.94,1,-1,-1,-1
137,1,550.43,319.08,35.02,33.96,1,-1,-1,-1
137,2,129.57,209.17,29.23,46.54,1,-1,-1,-1
137,3,326.88,263.46,30.15,49.94,1,-1,-1,-1
138,1,550.93,318.82,35.02,33.96,1,-1,-1,-1
138,2,129.39,209.28,29.23,46.54,1,-1,-1,-1
138,3,326.55,263.68,30.15,49.94,1,-1,-1,-1
139,1,551.28,319.11,35.02,33.96,1,-1,-1,-1
139,2,129.88,209.33,29.23,46.54,1,-1,-1,-1
139,3,325.87,263.89,30.15,49.94,1,-1,-1,-1
140,1,551.57,318.77,35.02,33.96,1,-1,-1,-1
140,2,130.35,209.39,29.23,46.54,1,-1,-1,-1
140,3,324.73,263.53,30.76,50.94,1,-1,-1,-1
141,1,551.30,318.95,35.02,33.96,1,-1,-1,-1
141,2,131.02,209.24,29.23,46.54,1,-1,-1,-1
141,3,323.29,262.78,30.76,50.94,1,-1,-1,-1
142,1,551.81,319.15,35.02,33.96,1,-1,-1,-1
142,2,130.92,209.14,29.23,46.54,1,-1,-1,-1
142,3,322.67,262.92,30.76,50.94,1,-1,-1,-1
143,1,551.52,318.73,35.02,33.96,1,-1,-1,-1
143,2,130.73,209.07,29.23,46.54,1,-1,-1,-1
143,3,320.86,263.00,30.76,50.94,1,-1,-1,-1
144,1,551.46,319.30,34.33,33.29,1,-1,-1,-1
144,2,130.50,209.02,29.23,46.54,1,-1,-1,-1
144,3,320.17,263.10,30.76,50.94,1,-1,-1,-1
145,1,551.83,319.76,35.02,33.96,1,-1,-1,-1
145,2,130.29,209.12,29.23,46.54,1,-1,-1,-1
145,3,319.56,263.18,30.76,50.94,1,-1,-1,-1
146,1,551.48,319.56,35.02,33.96,1,-1,-1,-1
146,2,130.76,209.24,29.23,46.54,1,-1,-1,-1
146,3,318.87,263.26,30.76,50.94,1,-1,-1,-1
147,1,551.86,319.45,35.02,33.96,1,-1,-1,-1
147,2,130.53,209.57,29.23,46.54,1,-1,-1,-1
147,3,317.17,263.34,30.76,50.94,1,-1,-1,-1
148,1,551.46,319.37,35.02,33.96,1,-1,-1,-1
148,2,130.22,210.06,29.23,46.54,1,-1,-1,-1
148,3,316.37,263.26,30.76,50.94,1,-1,-1,-1
149,1,551.76,319.29,35.02,33.96,1,-1,-1,-1
149,2,130.62,209.61,29.23,46.54,1,-1,-1,-1
149,3,315.47,263.08,30.76,50.94,1,-1,-1,-1
150,1,551.28,319.27,35.02,33.96,1,-1,-1,-1
150,2,130.29,210.15,29.23,46.54,1,-1,-1,-1
150,3,314.51,262.85,30.76,50.94,1,-1,-1,-1
151,1,551.59,319.20,35.02,33.96,1,-1,-1,-1
151,2,130.64,209.64,29.23,46.54,1,-1,-1,-1
151,3,313.39,262.31,30.76,50.94,1,-1,-1,-1
152,1,551.00,319.08,35.02,33.96,1,-1,-1,-1
152,2,129.98,209.70,29.81,47.48,1,-1,-1,-1
152,3,312.04,262.33,30.76,50.94,1,-1,-1,-1
153,1,551.51,319.18,34.33,33.29,1,-1,-1,-1
153,2,129.85,208.67,29.81,47.48,1,-1,-1,-1
153,3,310.10,260.94,30.76,50.94,1,-1,-1,-1
154,1,551.96,319.75,34.33,33.29,1,-1,-1,-1
154,2,129.72,208.35,29.81,47.48,1,-1,-1,-1
154,3,309.12,260.79,30.76,50.94,1,-1,-1,-1
155,1,551.72,319.55,34.33,33.29,1,-1,-1,-1
155,2,129.54,207.89,29.81,47.48,1,-1,-1,-1
155,3,308.29,260.45,30.76,50.94,1,-1,-1,-1
156,1,552.22,319.44,34.33,33.29,1,-1,-1,-1
156,2,129.43,208.28,29.81,47.48,1,-1,-1,-1
156,3,307.23,260.69,30.76,50.94,1,-1,-1,-1
157,1,552.09,319.28,34.33,33.29,1,-1,-1,-1
157,2,129.33,207.88,29.81,47.48,1,-1,-1,-1
157,3,306.60,260.13,30.76,50.94,1,-1,-1,-1
158,1,551.89,319.77,34.33,33.29,1,-1,-1,-1
158,2,129.57,208.78,29.23,46.54,1,-1,-1,-1
158,3,305.84,260.31,30.76,50.94,1,-1,-1,-1
159,1,551.80,319.61,34.33,33.29,1,-1,-1,-1
159,2,129.86,208.60,29.23,46.54,1,-1,-1,-1
159,3,304.18,260.08,30.76,50.94,1,-1,-1,-1
160,1,552.32,319.52,34.33,33.29,1,-1,-1,-1
160,2,130.17,209.27,29.23,46.54,1,-1,-1,-1
160,3,303.66,259.74,30.76,50.94,1,-1,-1,-1
161,1,552.22,319.34,34.33,33.29,1,-1,-1,-1
161,2,130.45,209.08,29.23,46.54,1,-1,-1,-1
161,3,302.16,259.08,30.76,50.94,1,-1,-1,-1
162,1,552.08,319.81,34.33,33.29,1,-1,-1,-1
162,2,130.01,209.01,29.23,46.54,1,-1,-1,-1
162,3,301.69,258.98,30.76,50.94,1,-1,-1,-1
163,1,552.07,319.62,34.33,33.29,1,-1,-1,-1
163,2,130.43,208.80,29.23,46.54,1,-1,-1,-1
163,3,300.51,258.73,30.76,50.94,1,-1,-1,-1
164,1,552.09,319.38,34.33,33.29,1,-1,-1,-1
164,2,130.10,208.73,29.23,46.54,1,-1,-1,-1
164,3,300.17,258.21,30.76,50.94,1,-1,-1,-1
165,1,551.78,318.73,35.02,33.96,1,-1,-1,-1
165,2,130.56,208.49,29.23,46.54,1,-1,-1,-1
165,3,298.92,258.15,30.76,50.94,1,-1,-1,-1
166,1,551.45,318.75,35.02,33.96,1,-1,-1,-1
166,2,130.21,209.20,29.23,46.54,1,-1,-1,-1
166,3,297.72,257.98,30.76,50.94,1,-1,-1,-1
167,1,551.80,318.81,35.02,33.96,1,-1,-1,-1
167,2,130.65,208.88,29.23,46.54,1,-1,-1,-1
167,3,296.43,257.82,30.76,50.94,1,-1,-1,-1
168,1,551.45,318.77,35.02,33.96,1,-1,-1,-1
168,2,130.26,208.70,29.23,46.54,1,-1,-1,-1
168,3,295.89,257.70,30.76,50.94,1,-1,-1,-1
169,1,551.74,318.71,35.02,33.96,1,-1,-1,-1
169,2,130.60,209.19,29.23,46.54,1,-1,-1,-1
169,3,292.95,257.90,30.15,49.94,1,-1,-1,-1
170,1,551.35,318.60,35.02,33.96,1,-1,-1,-1
170,2,130.11,209.05,29.23,46.54,1,-1,-1,-1
170,3,291.53,257.72,30.76,50.94,1,-1,-1,-1
171,1,551.69,318.53,35.02,33.96,1,-1,-1,-1
171,2,130.45,208.79,29.23,46.54,1,-1,-1,-1
171,3,291.04,257.63,30.76,50.94,1,-1,-1,-1
172,1,551.34,318.42,35.02,33.96,1,-1,-1,-1
172,2,130.01,208.65,29.23,46.54,1,-1,-1,-1
172,3,289.30,257.66,30.76,50.94,1,-1,-1,-1
173,1,551.68,318.37,35.02,33.96,1,-1,-1,-1
173,2,130.39,209.13,29.23,46.54,1,-1,-1,-1
173,3,288.22,257.71,30.76,50.94,1,-1,-1,-1
174,1,551.33,318.29,35.02,33.96,1,-1,-1,-1
174,2,130.68,208.91,29.23,46.54,1,-1,-1,-1
174,3,287.05,258.38,30.15,49.94,1,-1,-1,-1
175,1,551.67,318.26,35.02,33.96,1,-1,-1,-1
175,2,130.26,208.85,29.23,46.54,1,-1,-1,-1
175,3,284.88,258.15,30.76,50.94,1,-1,-1,-1
176,1,551.29,318.23,35.02,33.96,1,-1,-1,-1
176,2,130.57,208.66,29.23,46.54,1,-1,-1,-1
176,3,284.00,258.49,30.76,50.94,1,-1,-1,-1
177,1,551.60,318.27,35.02,33.96,1,-1,-1,-1
177,2,130.15,209.50,29.23,46.54,1,-1,-1,-1
177,3,283.05,258.89,30.76,50.94,1,-1,-1,-1
178,1,551.10,318.24,35.02,33.96,1,-1,-1,-1
178,2,130.49,209.30,29.23,46.54,1,-1,-1,-1
178,3,282.14,258.71,30.76,50.94,1,-1,-1,-1
179,1,551.36,318.28,35.02,33.96,1,-1,-1,-1
179,2,130.07,209.26,29.23,46.54,1,-1,-1,-1
179,3,281.14,258.59,30.76,50.94,1,-1,-1,-1
180,1,551.50,318.36,35.02,33.96,1,-1,-1,-1
180,2,130.36,209.22,29.23,46.54,1,-1,-1,-1
180,3,280.07,258.54,30.76,50.94,1,-1,-1,-1
181,1,550.86,318.40,35.02,33.96,1,-1,-1,-1
181,2,130.65,209.16,29.23,46.54,1,-1,-1,-1
181,3,279.18,258.35,30.76,50.94,1,-1,-1,-1
182,1,551.01,318.47,35.02,33.96,1,-1,-1,-1
182,2,130.23,209.25,29.23,46.54,1,-1,-1,-1
182,3,278.32,258.76,30.76,50.94,1,-1,-1,-1
183,1,551.18,318.53,35.02,33.96,1,-1,-1,-1
183,2,130.54,209.21,29.23,46.54,1,-1,-1,-1
183,3,277.79,258.39,30.76,50.94,1,-1,-1,-1
184,1,551.35,318.58,35.02,33.96,1,-1,-1,-1
184,2,130.14,209.28,29.23,46.54,1,-1,-1,-1
184,3,276.04,258.31,31.37,51.96,1,-1,-1,-1
185,1,551.52,318.72,35.02,33.96,1,-1,-1,-1
185,2,130.44,209.26,29.23,46.54,1,-1,-1,-1
185,3,275.90,258.30,31.37,51.96,1,-1,-1,-1
186,1,550.91,318.82,35.02,33.96,1,-1,-1,-1
186,2,130.05,209.40,29.23,46.54,1,-1,-1,-1
186,3,275.29,258.39,31.37,51.96,1,-1,-1,-1
187,1,551.09,319.05,35.02,33.96,1,-1,-1,-1
187,2,130.38,209.37,29.23,46.54,1,-1,-1,-1
187,3,274.72,258.41,31.37,51.96,1,-1,-1,-1
188,1,551.25,318.71,35.02,33.96,1,-1,-1,-1
188,2,130.72,209.32,29.23,46.54,1,-1,-1,-1
188,3,273.19,258.56,31.37,51.96,1,-1,-1,-1
189,1,551.44,318.96,35.02,33.96,1,-1,-1,-1
189,2,130.30,209.41,29.23,46.54,1,-1,-1,-1
189,3,272.77,258.32,31.37,51.96,1,-1,-1,-1
190,1,551.61,319.20,35.02,33.96,1,-1,-1,-1
190,2,130.66,209.29,29.23,46.54,1,-1,-1,-1
190,3,271.50,258.08,31.37,51.96,1,-1,-1,-1
191,1,550.96,318.79,35.02,33.96,1,-1,-1,-1
191,2,130.33,209.32,29.23,46.54,1,-1,-1,-1
191,3,270.37,257.77,31.37,51.96,1,-1,-1,-1
192,1,551.15,319.03,35.02,33.96,1,-1,-1,-1
192,2,130.77,209.30,29.23,46.54,1,-1,-1,-1
192,3,269.09,257.98,31.37,51.96,1,-1,-1,-1
193,1,551.32,318.67,35.02,33.96,1,-1,-1,-1
193,2,130.45,209.61,29.23,46.54,1,-1,-1,-1
193,3,268.63,257.90,31.37,51.96,1,-1,-1,-1
194,1,551.47,318.91,35.02,33.96,1,-1,-1,-1
194,2,130.13,209.90,29.23,46.54,1,-1,-1,-1
194,3,267.01,257.70,31.37,51.96,1,-1,-1,-1
195,1,551.61,319.14,35.02,33.96,1,-1,-1,-1
195,2,130.54,209.28,29.23,46.54,1,-1,-1,-1
195,3,266.50,257.23,31.37,51.96,1,-1,-1,-1
196,1,550.88,318.75,35.02,33.96,1,-1,-1,-1
196,2,130.26,209.53,29.23,46.54,1,-1,-1,-1
196,3,264.98,256.55,31.37,51.96,1,-1,-1,-1
197,1,551.03,318.99,35.02,33.96,1,-1,-1,-1
197,2,130.70,209.53,29.23,46.54,1,-1,-1,-1
197,3,264.49,256.52,31.37,51.96,1,-1,-1,-1
198,1,551.17,319.22,35.02,33.96,1,-1,-1,-1
198,2,130.39,209.73,29.23,46.54,1,-1,-1,-1
198,3,263.24,256.43,31.37,51.96,1,-1,-1,-1
199,1,551.34,318.84,35.02,33.96,1,-1,-1,-1
199,2,130.05,209.12,29.23,46.54,1,-1,-1,-1
199,3,262.83,256.25,31.37,51.96,1,-1,-1,-1
200,1,551.48,319.07,35.02,33.96,1,-1,-1,-1
200,2,130.52,209.12,29.23,46.54,1,-1,-1,-1
200,3,261.93,255.77,31.37,51.96,1,-1,-1,-1
201,1,551.64,318.69,35.02,33.96,1,-1,-1,-1
201,2,130.19,209.27,29.23,46.54,1,-1,-1,-1
201,3,261.19,255.92,31.37,51.96,1,-1,-1,-1
202,1,550.94,318.90,35.02,33.96,1,-1,-1,-1
202,2,130.67,209.27,29.23,46.54,1,-1,-1,-1
202,3,260.56,255.88,31.37,51.96,1,-1,-1,-1
203,1,551.13,319.17,35.02,33.96,1,-1,-1,-1
203,2,130.36,209.46,29.23,46.54,1,-1,-1,-1
203,3,259.17,255.72,31.37,51.96,1,-1,-1,-1
204,1,551.38,318.77,35.02,33.96,1,-1,-1,-1
204,2,130.81,209.54,29.23,46.54,1,-1,-1,-1
204,3,258.53,254.81,32.00,53.00,1,-1,-1,-1
205,1,551.60,319.02,35.02,33.96,1,-1,-1,-1
205,2,130.76,210.22,28.65,45.63,1,-1,-1,-1
205,3,257.40,254.50,31.37,51.96,1,-1,-1,-1
206,1,550.97,318.72,35.02,33.96,1,-1,-1,-1
206,2,129.67,208.80,29.23,46.54,1,-1,-1,-1
206,3,256.44,254.59,31.37,51.96,1,-1,-1,-1
207,1,551.23,318.90,35.02,33.96,1,-1,-1,-1
207,2,130.11,208.96,29.23,46.54,1,-1,-1,-1
207,3,255.56,254.63,31.37,51.96,1,-1,-1,-1
208,1,551.54,319.12,35.02,33.96,1,-1,-1,-1
208,2,130.55,209.20,29.23,46.54,1,-1,-1,-1
208,3,254.73,254.67,31.37,51.96,1,-1,-1,-1
209,1,550.97,318.75,35.02,33.96,1,-1,-1,-1
209,2,130.20,209.61,29.23,46.54,1,-1,-1,-1
209,3,253.94,254.63,31.37,51.96,1,-1,-1,-1
210,1,551.62,319.09,35.02,33.96,1,-1,-1,-1
210,2,130.34,209.43,29.81,47.48,1,-1,-1,-1
210,3,253.21,254.60,31.37,51.96,1,-1,-1,-1
211,1,551.48,318.45,35.02,33.96,1,-1,-1,-1
211,2,129.86,209.32,29.23,46.54,1,-1,-1,-1
211,3,252.33,254.58,31.37,51.96,1,-1,-1,-1
212,1,552.10,318.45,35.02,33.96,1,-1,-1,-1
212,2,130.31,209.63,29.23,46.54,1,-1,-1,-1
212,3,250.22,254.67,30.76,50.94,1,-1,-1,-1
213,1,552.29,317.97,35.02,33.96,1,-1,-1,-1
213,2,130.44,209.55,29.81,47.48,1,-1,-1,-1
213,3,249.70,254.40,30.76,50.94,1,-1,-1,-1
214,1,552.47,317.78,35.02,33.96,1,-1,-1,-1
214,2,129.95,209.56,29.23,46.54,1,-1,-1,-1
214,3,248.24,254.80,30.76,50.94,1,-1,-1,-1
215,1,552.61,317.50,35.02,33.96,1,-1,-1,-1
215,2,130.36,210.06,29.23,46.54,1,-1,-1,-1
215,3,247.88,254.71,30.76,50.94,1,-1,-1,-1
216,1,551.80,316.46,35.02,33.96,1,-1,-1,-1
216,2,130.75,209.95,29.23,46.54,1,-1,-1,-1
216,3,246.90,254.80,30.76,50.94,1,-1,-1,-1
217,1,551.84,315.93,35.02,33.96,1,-1,-1,-1
217,2,130.33,209.90,29.23,46.54,1,-1,-1,-1
217,3,246.17,254.84,30.76,50.94,1,-1,-1,-1
218,1,551.77,316.08,35.02,33.96,1,-1,-1,-1
218,2,130.81,209.97,29.23,46.54,1,-1,-1,-1
218,3,245.58,254.87,30.76,50.94,1,-1,-1,-1
219,1,551.54,314.39,35.02,33.96,1,-1,-1,-1
219,2,130.44,210.08,29.23,46.54,1,-1,-1,-1
219,3,245.06,254.86,30.76,50.94,1,-1,-1,-1
220,1,551.49,314.65,35.02,33.96,1,-1,-1,-1
220,2,129.84,209.76,29.81,47.48,1,-1,-1,-1
220,3,243.77,254.89,30.76,50.94,1,-1,-1,-1
221,1,551.87,313.54,35.02,33.96,1,-1,-1,-1
221,2,129.88,209.47,29.81,47.48,1,-1,-1,-1
221,3,242.89,254.73,30.76,50.94,1,-1,-1,-1
222,1,551.69,313.91,35.02,33.96,1,-1,-1,-1
222,2,129.71,208.77,29.81,47.48,1,-1,-1,-1
222,3,242.32,254.41,30.76,50.94,1,-1,-1,-1
223,1,551.31,313.48,35.72,34.64,1,-1,-1,-1
223,2,129.53,208.94,29.81,47.48,1,-1,-1,-1
223,3,241.67,254.08,31.37,51.96,1,-1,-1,-1
224,1,551.21,313.98,35.72,34.64,1,-1,-1,-1
224,2,129.23,209.29,29.81,47.48,1,-1,-1,-1
224,3,240.93,254.07,31.37,51.96,1,-1,-1,-1
225,1,550.61,311.69,35.72,34.64,1,-1,-1,-1
225,2,129.18,209.43,29.23,46.54,1,-1,-1,-1
225,3,240.53,254.44,30.76,50.94,1,-1,-1,-1
226,1,550.41,310.06,35.72,34.64,1,-1,-1,-1
226,2,129.93,210.00,29.23,46.54,1,-1,-1,-1
226,3,239.79,254.42,30.76,50.94,1,-1,-1,-1
227,1,550.75,310.89,35.02,33.96,1,-1,-1,-1
227,2,129.79,210.04,29.23,46.54,1,-1,-1,-1
227,3,238.21,254.26,30.76,50.94,1,-1,-1,-1
228,1,550.87,309.70,35.02,33.96,1,-1,-1,-1
228,2,129.76,210.03,29.23,46.54,1,-1,-1,-1
228,3,237.91,253.91,30.76,50.94,1,-1,-1,-1
229,1,551.04,309.25,35.02,33.96,1,-1,-1,-1
229,2,130.06,210.13,29.23,46.54,1,-1,-1,-1
229,3,237.18,253.13,31.37,51.96,1,-1,-1,-1
230,1,552.04,307.68,34.33,33.29,1,-1,-1,-1
230,2,131.32,210.11,29.23,46.54,1,-1,-1,-1
230,3,238.06,253.14,30.76,50.94,1,-1,-1,-1
231,1,554.34,308.08,34.33,33.29,1,-1,-1,-1
231,3,237.93,252.89,30.76,50.94,1,-1,-1,-1
232,1,555.80,307.51,35.02,33.96,1,-1,-1,-1
232,3,238.26,252.17,30.76,50.94,1,-1,-1,-1
233,1,557.02,306.15,35.72,34.64,1,-1,-1,-1
233,3,239.70,251.30,30.76,50.94,1,-1,-1,-1
234,1,560.63,306.51,35.72,34.64,1,-1,-1,-1
234,3,240.86,251.00,30.76,50.94,1,-1,-1,-1
235,1,563.55,306.55,35.72,34.64,1,-1,-1,-1
235,3,242.66,250.29,30.76,50.94,1,-1,-1,-1
236,1,566.10,306.20,35.72,34.64,1,-1,-1,-1
236,3,244.18,249.91,30.76,50.94,1,-1,-1,-1
237,1,569.29,305.42,35.72,34.64,1,-1,-1,-1
237,3,246.59,249.60,30.76,50.94,1,-1,-1,-1
238,1,571.80,305.33,35.72,34.64,1,-1,-1,-1
238,3,249.45,249.01,30.76,50.94,1,-1,-1,-1
239,1,574.96,304.96,35.72,34.64,1,-1,-1,-1
239,3,250.87,248.29,30.76,50.94,1,-1,-1,-1
240,1,578.03,304.35,35.72,34.64,1,-1,-1,-1
240,3,252.10,248.22,30.76,50.94,1,-1,-1,-1
241,1,581.00,304.53,35.72,34.64,1,-1,-1,-1
241,3,255.05,248.33,30.76,50.94,1,-1,-1,-1
242,1,583.88,304.49,35.72,34.64,1,-1,-1,-1
242,3,257.05,248.45,30.76,50.94,1,-1,-1,-1
243,1,586.65,303.68,35.72,34.64,1,-1,-1,-1
243,3,259.40,248.45,30.76,50.94,1,-1,-1,-1
244,1,589.32,304.13,35.72,34.64,1,-1,-1,-1
244,3,262.07,248.28,30.76,50.94,1,-1,-1,-1
245,1,592.17,302.26,35.72,34.64,1,-1,-1,-1
245,3,263.90,247.12,30.76,50.94,1,-1,-1,-1
246,1,594.89,302.77,35.72,34.64,1,-1,-1,-1
246,3,266.40,246.93,30.76,50.94,1,-1,-1,-1
247,1,598.34,301.09,35.72,34.64,1,-1,-1,-1
247,3,269.67,246.42,30.76,50.94,1,-1,-1,-1
248,1,601.20,302.06,35.72,34.64,1,-1,-1,-1
248,3,270.92,246.17,30.76,50.94,1,-1,-1,-1
249,1,603.87,301.91,35.72,34.64,1,-1,-1,-1
249,3,274.13,246.54,30.76,50.94,1,-1,-1,-1
250,3,277.09,246.26,30.76,50.94,1,-1,-1,-1
251,3,279.40,246.76,30.76,50.94,1,-1,-1,-1
252,3,282.64,246.34,30.76,50.94,1,-1,-1,-1
253,3,283.88,246.10,30.76,50.94,1,-1,-1,-1
254,3,287.22,245.94,30.76,50.94,1,-1,-1,-1
255,3,290.51,246.07,30.76,50.94,1,-1,-1,-1
256,3,293.58,246.33,30.76,50.94,1,-1,-1,-1
257,3,296.62,246.77,30.76,50.94,1,-1,-1,-1
258,3,298.60,246.81,30.76,50.94,1,-1,-1,-1
259,3,302.71,246.24,30.76,50.94,1,-1,-1,-1
260,3,305.41,247.15,30.76,50.94,1,-1,-1,-1
261,3,309.45,247.19,30.76,50.94,1,-1,-1,-1
262,3,312.93,247.49,30.76,50.94,1,-1,-1,-1
263,3,314.39,247.83,30.76,50.94,1,-1,-1,-1
264,3,317.64,247.24,30.76,50.94,1,-1,-1,-1
265,3,318.13,247.18,30.76,50.94,1,-1,-1,-1
266,3,318.79,246.90,30.76,50.94,1,-1,-1,-1
267,3,318.97,246.15,30.76,50.94,1,-1,-1,-1
268,3,319.13,246.15,30.76,50.94,1,-1,-1,-1
269,3,318.83,246.32,30.76,50.94,1,-1,-1,-1
270,3,317.94,246.80,30.76,50.94,1,-1,-1,-1
271,3,317.43,246.18,30.76,50.94,1,-1,-1,-1
272,3,316.90,246.46,30.76,50.94,1,-1,-1,-1
273,3,315.59,246.83,30.76,50.94,1,-1,-1,-1
274,3,315.15,246.73,30.76,50.94,1,-1,-1,-1
275,3,313.85,247.01,30.76,50.94,1,-1,-1,-1
276,3,312.38,247.31,30.76,50.94,1,-1,-1,-1
277,3,311.25,248.07,30.76,50.94,1,-1,-1,-1
278,3,309.81,248.30,30.76,50.94,1,-1,-1,-1
279,3,307.36,247.47,30.76,50.94,1,-1,-1,-1
280,3,305.61,248.48,30.76,50.94,1,-1,-1,-1
281,3,303.90,248.03,31.37,51.96,1,-1,-1,-1
282,3,301.21,245.32,30.76,50.94,1,-1,-1,-1
283,3,300.78,247.43,30.76,50.94,1,-1,-1,-1
284,3,298.90,246.45,30.15,49.94,1,-1,-1,-1
285,3,297.99,247.20,30.15,49.94,1,-1,-1,-1
286,3,296.30,247.76,30.15,49.94,1,-1,-1,-1
287,3,295.80,247.73,30.15,49.94,1,-1,-1,-1
288,3,295.83,247.42,30.15,49.94,1,-1,-1,-1
289,3,295.01,247.46,30.15,49.94,1,-1,-1,-1
290,3,294.07,247.30,30.15,49.94,1,-1,-1,-1
291,3,293.47,247.01,30.15,49.94,1,-1,-1,-1
292,3,292.97,246.71,30.76,50.94,1,-1,-1,-1
293,3,293.29,246.76,30.15,49.94,1,-1,-1,-1
294,3,292.59,247.18,30.15,49.94,1,-1,-1,-1
295,3,293.53,247.25,29.56,48.96,1,-1,-1,-1
296,3,292.77,248.06,29.56,48.96,1,-1,-1,-1
296,4,632.95,299.97,6.00,36.00,1,-1,-1,-1
297,3,293.28,248.19,29.56,48.96,1,-1,-1,-1
297,4,632.85,300.77,6.00,36.00,1,-1,-1,-1
298,3,292.46,248.16,30.15,49.94,1,-1,-1,-1
298,4,631.56,300.51,6.00,36.00,1,-1,-1,-1
299,3,293.21,248.01,29.56,48.96,1,-1,-1,-1
299,4,629.80,300.31,6.00,36.00,1,-1,-1,-1
300,3,293.50,248.41,29.56,48.96,1,-1,-1,-1
300,4,628.74,299.80,6.00,36.00,1,-1,-1,-1
301,3,292.54,248.55,30.15,49.94,1,-1,-1,-1
301,4,627.46,300.36,6.00,36.00,1,-1,-1,-1
302,3,292.81,248.18,30.15,49.94,1,-1,-1,-1
303,3,292.71,247.43,30.76,50.94,1,-1,-1,-1
303,5,621.59,298.22,17.00,46.00,1,-1,-1,-1
304,3,291.85,248.52,30.15,49.94,1,-1,-1,-1
304,5,620.00,299.13,16.67,45.10,1,-1,-1,-1
305,3,292.58,247.31,30.76,50.94,1,-1,-1,-1
305,5,618.56,299.41,17.00,46.00,1,-1,-1,-1
306,3,292.44,247.46,30.76,50.94,1,-1,-1,-1
306,5,616.84,299.31,17.00,46.00,1,-1,-1,-1
307,3,292.47,248.19,30.15,49.94,1,-1,-1,-1
307,5,615.18,299.37,17.00,46.00,1,-1,-1,-1
308,3,292.70,248.25,29.56,48.96,1,-1,-1,-1
308,5,613.93,299.91,16.67,45.10,1,-1,-1,-1
309,3,292.27,248.17,30.15,49.94,1,-1,-1,-1
309,5,611.87,299.52,17.00,46.00,1,-1,-1,-1
310,3,292.43,248.14,29.56,48.96,1,-1,-1,-1
310,5,610.52,299.56,17.00,46.00,1,-1,-1,-1
311,3,292.68,248.97,28.98,48.00,1,-1,-1,-1
311,5,608.69,299.52,17.00,46.00,1,-1,-1,-1
312,3,291.97,248.72,29.56,48.96,1,-1,-1,-1
312,5,607.14,299.24,17.00,46.00,1,-1,-1,-1
313,3,293.28,248.50,28.98,48.00,1,-1,-1,-1
313,5,606.07,298.40,17.00,46.00,1,-1,-1,-1
314,3,292.82,248.73,28.98,48.00,1,-1,-1,-1
314,5,603.98,297.54,17.34,46.92,1,-1,-1,-1
315,3,292.39,248.92,28.98,48.00,1,-1,-1,-1
315,5,602.70,297.05,17.00,46.00,1,-1,-1,-1
316,3,292.89,248.63,28.98,48.00,1,-1,-1,-1
316,5,600.33,296.19,17.00,46.00,1,-1,-1,-1
317,3,292.46,248.71,28.98,48.00,1,-1,-1,-1
317,5,599.17,295.63,17.00,46.00,1,-1,-1,-1
318,3,292.63,247.87,29.56,48.96,1,-1,-1,-1
318,5,599.07,295.89,17.00,46.00,1,-1,-1,-1
319,3,292.53,248.01,29.56,48.96,1,-1,-1,-1
319,5,597.35,295.28,17.34,46.92,1,-1,-1,-1
320,3,292.36,248.28,29.56,48.96,1,-1,-1,-1
320,5,595.38,294.52,17.69,47.86,1,-1,-1,-1
321,3,291.87,248.08,30.15,49.94,1,-1,-1,-1
321,5,594.10,293.79,17.34,46.92,1,-1,-1,-1
322,3,292.74,247.59,29.56,48.96,1,-1,-1,-1
322,5,593.80,293.75,17.34,46.92,1,-1,-1,-1
323,3,292.81,248.51,28.98,48.00,1,-1,-1,-1
323,5,592.06,293.56,17.34,46.92,1,-1,-1,-1
